课程编号,课程名称,课程层次,是否公共课,学时,学分,开课单位,任课教师,使用教材

0022004,科研实践,硕士课,否,0,2.0,研究生院,,,
0022008,专业学位实践学习报告,硕士课,否,1,2.0,研究生院,,,
0022009,专业学位开题报告,硕士课,否,1,2.0,研究生院,,,
0022010,专业学位中期检查,硕士课,否,1,2.0,研究生院,,,
0022011,专业学位学术活动与论文答辩,硕士课,否,1,2.0,研究生院,,,
0231004,电子系统集成设计技术,在职研究生课程,是,46,3.0,微电子学院,,,
0412105,Hybrid System,博士课,否,24,1.5,机电工程学院,,,
0422293,Hybrid System,硕士课,否,24,1.5,机电工程学院,,,
0531001,光电子技术,在职研究生课程,是,46,3.0,物理与光电工程学院,,,
0531003,光电检测及信号处理,在职研究生课程,是,46,3.0,物理与光电工程学院,,,
0531010,红外成像技术与应用,在职研究生课程,是,46,3.0,物理与光电工程学院,,,
0532001,现代光电子技术实验,在职研究生课程,是,30,2.0,物理与光电工程学院,,,
0532012,电子器件可靠性设计,在职研究生课程,是,30,2.0,物理与光电工程学院,,,
0532013,光电图像处理,在职研究生课程,是,46,3.0,物理与光电工程学院,,,
0722237,现代优化专题讲座,硕士课,否,16,1.0,数学与统计学院,刘红卫,,
0821001,英语基础,博硕课,是,30,0.0,外国语学院,刘秦明,,
0821004,专业英语阅读,硕士课,是,30,1.0,人文学院,任利华，仝文宁，朱琳菲，倪蓓，张明，李长安,科技英语写作，秦狄辉,
0821005,英语学位考试,硕士课,否,60,3.0,外国语学院,,,
0821006,自然辩证法,硕士课,否,30,1.8,人文学院,,,
1052286,软件文档写作,博硕课,否,30,1.0,软件学院,,,

1052287,软件技术导论,博硕课,否,30,1.0,软件学院,,,
1131001,半导体物理与器件基础,在职研究生课程,是,46,3.0,物理与光电工程学院,,,
1131013,电子设计可靠性工程,在职研究生课程,是,30,2.0,微电子学院,,,
1132002,SPICE电路模拟仿真,在职研究生课程,是,20,2.0,微电子学院,,,
G00CE1025,学术研究的核心能力及方法,博硕课,否,32,2.0,网络与信息安全学院,李晖，李小青,,
G00CE1026,Security and Trust in Mobile Communications,博硕课,否,16,1.0,网络与信息安全学院,闫峥,,
G00FL0020,学术交流英语,博士课,是,32,1.0,外国语学院,高瑜，培养办,,
G00FL0021,科技英语阅读与写作,博士课,是,32,1.0,外国语学院,任利华，高瑜，培养办,,
G00FL0022,高级听说,博士课,是,32,1.0,外国语学院,薛楠，高瑜，培养办,,
G00FL0200,日语（二外）,博士课,否,120,2.0,外国语学院,梁高峰,,
G00FL0201,俄语（二外）,博士课,否,120,2.0,外国语学院,,,
G00FL0202,德语（二外）,博士课,否,120,2.0,外国语学院,薛文波,,
G00FL0203,法语（二外）,博士课,否,120,2.0,外国语学院,王雨菡,,
G00FL0204,韩语（二外）,博士课,否,120,2.0,外国语学院,,,
G00FL1020,综合英语,硕士课,是,64,2.0,外国语学院,张明，王燕萍，仝文宁，郎曼，高瑜，刘秦明，培养办，高洋，孙玲玲，冯维娜，贺红霞，张国杰，郭晓华，袁苑，卢杨,,
G00FL1021,专业英语,硕士课,是,32,1.0,外国语学院,张明，仝文宁，王燕萍，李长安，郭丽丽，邓婷，侯爱华，朱琳菲，任利华，孙玲玲，马琪,,
G00FL1022,基础写作,硕士课,是,32,1.0,外国语学院,张明，张国杰，任静，刘秦明，牛亚军，仝文宁，郭蒲丽，冯维娜，郎曼,,
G00FL1023,英语听说,硕士课,是,32,1.0,外国语学院,薛楠，刘秦明，潘薇，姜宁，燕浩，王玉梅，卢杨，贺红霞，白素，张莹,,
G00FL1024,跨文化交际,硕士课,是,32,1.0,外国语学院,冯维娜,,
G00FL1025,商务英语,硕士课,是,32,1.0,外国语学院,张国杰，辛冀秋,,

G00FL1026,英美文化,硕士课,是,32,1.0,外国语学院,邹甜甜，薛楠，王燕萍,,
G00FL1027,英美报刊选读,硕士课,是,32,1.0,外国语学院,袁苑，马力,,
G00FL1028,西方文学名著赏析,硕士课,是,32,1.0,外国语学院,张缨，潘薇,,
G00FL1029,影视鉴赏,硕士课,是,32,1.0,外国语学院,马力，郭晓华，任利华，袁苑，吴启瑞，李璐，刘秦明，高洋，牛亚军，王玉梅，卢杨，孙玲玲,,
G00FL1030,英语演讲与辩论,硕士课,是,32,1.0,外国语学院,朱琳菲,,
G00FL1200,日语（二外）,硕士课,否,120,2.0,外国语学院,梁高峰,,
G00FL1201,俄语（二外）,硕士课,否,120,2.0,外国语学院,,,
G00FL1202,德语（二外）,硕士课,否,120,2.0,外国语学院,薛文波,,
G00FL1203,法语（二外）,硕士课,否,120,2.0,外国语学院,王雨菡,,
G00FL1204,韩语（二外）,硕士课,否,120,2.0,外国语学院,,,
G00GS0001,学术活动,博士课,否,0,1.0,研究生院,培养办,,
G00GS0002,综合考试,博士课,否,0,1.0,研究生院,培养办,,
G00GS0003,开题报告,博士课,否,0,1.0,研究生院,培养办,,
G00GS0004,教学实践,博士课,否,0,1.0,研究生院,培养办,,
G00GS1001,企业实习报告,硕士课,否,0,2.0,研究生院,培养办,,
G00GS1002,开题报告,硕士课,否,0,2.0,研究生院,培养办,,
G00GS1003,中期检查,硕士课,否,0,2.0,研究生院,培养办,,
G00HA0010,马克思主义与当代,博士课,是,36,2.0,人文学院,田朝晖,,
G00HA0011,科学道德与学风,博士课,否,4,0.0,人文学院,梁昌洪,,
G00HA0012,马克思主义经典著作选读,博士课,否,36,2.0,人文学院,,,

G00HA0040,体育,硕士课,是,20,0.5,人文学院,白光斌,,
G00HA0041,体育,硕士课,是,20,0.5,人文学院,白光斌,,
G00HA1010,中国特色社会主义理论与实践,硕士课,是,32,2.0,人文学院,夏永林，肖群，程霞，陈鹏联，王凯，刘建伟，赵常兴,,
G00HA1011,自然辩证法概论,硕士课,是,18,1.0,人文学院,杜敏，马得林，蒋冬双，李垣，田朝晖，朱丹琼,,
G00HA1012,科学道德与学风,硕士课,否,4,0.0,人文学院,梁昌洪,,
G00HA1013,科学精神与人文精神专题,硕士课,是,16,1.0,人文学院,马得林,,
G00HA1014,人文经典选读专题,硕士课,否,16,1.0,人文学院,,,
G00HA1015,职业生涯规划与职业素养培养,硕士课,是,16,1.0,人文学院,任芳，蒋冬双,,
G00HA1016,知识产权与专利申请,硕士课,否,18,1.0,人文学院,,,
G00LS0020,专业英语阅读与写作,博士课,否,20,1.0,生命科学技术学院,Karen M. von Deneen,,
G00LS1020,专业英语阅读与写作,硕士课,否,20,1.0,生命科学技术学院,Karen M. von Deneen,,
G00SE1001,前沿技术讲座,硕士课,否,30,2.0,软件学院,,,
G00TE1204,凸优化及其在信号处理中的应用,博硕课,否,48,3.0,通信工程学院,杨克虎,,
G00TE1205,无线网络与安全,博士课,否,40,2.0,通信工程学院,宋彬,,
G0131002,通信系统原理,在职研究生课程,是,46,3.0,通信工程学院,曹丽娜,,
G0131005,计算机通信网,在职研究生课程,是,46,3.0,通信工程学院,吕锡香,,
G0131006,信息网络理论基础,在职研究生课程,是,46,3.0,通信工程学院,刘勤,,
G0132009,网络多媒体技术,在职研究生课程,是,30,2.0,通信工程学院,,,
G0231003,现代雷达信号处理,在职研究生课程,否,46,3.0,电子工程学院,,,
G0231008,信号检测与估值理论,在职研究生课程,是,46,3.0,电子工程学院,,,

G0231009,数字信号处理,在职研究生课程,是,46,3.0,电子工程学院,,,
G0232004,电路的优化设计,在职研究生课程,是,30,2.0,微电子学院,,,
G0232014,电路与系统的故障诊断,在职研究生课程,是,46,3.0,电子工程学院,,,
G0232021,电磁场与微波技术,在职研究生课程,是,46,3.0,电子工程学院,,,
G0321007,人工智能,在职研究生课程,是,46,3.0,计算机学院,,,
G0321015,网络安全,在职研究生课程,是,46,3.0,计算机学院,,,
G0321020,基于互联网的计算,在职研究生课程,否,46,3.0,计算机学院,,,
G0331001,计算机科学中的数理逻辑,在职研究生课程,否,46,3.0,计算机学院,,,
G0331002,组合数学,在职研究生课程,是,46,3.0,计算机学院,,,
G0331003,面向对象技术,在职研究生课程,是,46,3.0,计算机学院,,,
G0331005,数字图像处理,在职研究生课程,是,46,3.0,计算机学院,,,
G0331006,计算机安全与保密技术,在职研究生课程,否,46,3.0,计算机学院,,,
G0331007,软件工程,在职研究生课程,是,46,3.0,计算机学院,,,
G0332001,计算机网络工程实验,在职研究生课程,否,46,3.0,计算机学院,,,
G0332010,多媒体技术,在职研究生课程,是,46,3.0,计算机学院,,,
G0332014,程序设计方法学,在职研究生课程,是,46,3.0,计算机学院,,,
G0332020,网络管理,在职研究生课程,是,46,3.0,计算机学院,,,
G0431002,工程有限单元法,在职研究生课程,是,46,3.0,机电工程学院,,,
G0431006,机械振动学,在职研究生课程,是,46,3.0,机电工程学院,,,
G0431007,精密测试技术,在职研究生课程,是,46,3.0,机电工程学院,,,

G0431008,现代控制理论,在职研究生课程,是,46,3.0,机电工程学院,,,
G0431009,现代测试导论,在职研究生课程,是,46,3.0,机电工程学院,,,
G0431018,控制系统设计,在职研究生课程,否,46,3.0,机电工程学院,,,
G0431019,计算机控制技术,在职研究生课程,是,46,3.0,机电工程学院,,,
G0432004,机电一体化微机开发试验,在职研究生课程,是,45,2.0,机电工程学院,,,
G0432010,现代控制系统实验,在职研究生课程,是,45,2.0,机电工程学院,,,
G0432012,计算机辅助制造技术,在职研究生课程,否,46,3.0,机电工程学院,,,
G0432017,计算机外设机械工程与控制线路,在职研究生课程,否,46,3.0,机电工程学院,,,
G0531009,光学传感与检测,在职研究生课程,是,46,3.0,物理与光电工程学院,,,
G0531010,红外成像技术及应用,在职研究生课程,是,46,3.0,物理与光电工程学院,,,
G0631002,运筹学,在职研究生课程,是,48,3.0,经济与管理学院,龚小军,,
G0631003,应用数理统计,在职研究生课程,否,46,3.0,经济与管理学院,,,
G0631004,现代工业工程,在职研究生课程,否,46,3.0,经济与管理学院,,,
G0631005,设施规划与物流管理,在职研究生课程,否,46,3.0,经济与管理学院,,,
G0631006,现代生产管理,在职研究生课程,否,46,3.0,经济与管理学院,,,
G0631008,项目管理学,在职研究生课程,否,46,3.0,经济与管理学院,,,
G0631009,项目计划与控制,在职研究生课程,否,46,3.0,经济与管理学院,,,
G0631010,项目策划与项目融资,在职研究生课程,否,46,3.0,经济与管理学院,,,
G0631012,高级管理学,在职研究生课程,是,46,3.0,经济与管理学院,,,
G0632001,企业管理,在职研究生课程,是,46,3.0,经济与管理学院,,,

G0632002,工程经济学,在职研究生课程,是,48,3.0,经济与管理学院,谢永平,,
G0632004,质量控制与可靠性工程,在职研究生课程,是,46,3.0,经济与管理学院,,,
G0632010,企业战略管理,在职研究生课程,否,46,3.0,经济与管理学院,,,
G0632015,项目人力资源与沟通管理,在职研究生课程,否,30,2.0,经济与管理学院,,,
G0641008,财务管理,在职研究生课程,是,46,3.0,经济与管理学院,,,
G0731001,随机过程,在职研究生课程,是,46,3.0,数学与统计学院,阔永红,,
G0731002,数值分析,在职研究生课程,是,46,3.0,数学与统计学院,,,
G0731003,工程优化设计中的数学方法,在职研究生课程,是,46,3.0,数学与统计学院,冯晓慧,,
G0831001,政治理论,在职研究生课程,是,34,2.0,人文学院,田朝晖,,
G0831002,科技英语语法,在职研究生课程,是,70,3.0,外国语学院,陈万庆,,
G0831003,科技英语精读,在职研究生课程,是,50,2.0,外国语学院,,,
G1132006,模拟集成电路设计,在职研究生课程,是,30,2.0,微电子学院,,,
G131008,无线数字通信系统,在职研究生课程,是,46,3.0,通信工程学院,,,
G23LS1020,专业英语阅读与写作,硕士课,否,20,1.0,生命科学技术学院,Karen M. von Deneen,,
X00EE0035,矩阵论,博士课,是,48,3.0,电子工程学院,史小卫,,
X00EE1035,矩阵论,硕士课,是,48,3.0,电子工程学院,廖桂生，赵亦工，史小卫，徐乐,,
X00MS0031,最优化方法,博士课,是,48,3.0,数学与统计学院,叶峰,,
X00MS0032,数值泛函与小波理论,博士课,是,48,3.0,数学与统计学院,白键，王卫卫,,
X00MS0033,随机过程,博士课,是,48,3.0,数学与统计学院,冯海林,,
X00MS0034,泛函分析,博士课,是,48,3.0,数学与统计学院,杨有龙,,

X00MS1031,工程优化方法,硕士课,是,48,3.0,数学与统计学院,周水生，寇晓丽，穆学文，孟红云,,
X00MS1032,数值分析,硕士课,是,48,3.0,数学与统计学院,冯晓莉，尚晓清，王卫卫,,
X00MS1033,随机过程引论,硕士课,是,48,3.0,数学与统计学院,冯海林，李伟，董从造,,
X00MS1034,泛函分析引论,硕士课,是,48,3.0,数学与统计学院,杨有龙,,
X00TE1201,物联网应用分析与讨论,博硕课,否,32,2.0,通信工程学院,,,
X00TE1202,计算机与网络安全,博硕课,否,48,3.0,通信工程学院,,,
X00TE1203,认知无线电和网络,博硕课,否,48,3.0,通信工程学院,,,
X01HA1040,哲学原理,硕士课,否,48,3.0,人文学院,马得林,,
X01HA1041,美学原理,硕士课,否,48,3.0,人文学院,韩伟,,
X01HA1042,中国哲学史,硕士课,否,48,3.0,人文学院,杨选德,,
X01HA1043,西方哲学史,硕士课,否,48,3.0,人文学院,朱锋刚,,
X01HA1044,宗教学原理,硕士课,否,48,3.0,人文学院,刘缙,,
X01HA1100,文艺美学,硕士课,否,48,3.0,人文学院,陈元龙,,
X01HA1101,审美心理学,硕士课,否,48,3.0,人文学院,赵淑珍,,
X01HA1102,审美文化学,硕士课,否,48,3.0,人文学院,常新,,
X01HA1103,马克思主义宗教学原理,硕士课,否,48,3.0,人文学院,刘缙,,
X01HA1104,宗教哲学,硕士课,否,48,3.0,人文学院,段新龙,,
X01HA1105,宗教社会学,硕士课,否,48,3.0,人文学院,漆思,,
X01HA1106,专业学术素质拓展,硕士课,否,0,0.0,人文学院,,,
X01HA1107,现当代美学潮思潮,硕士课,否,48,3.0,人文学院,舒智君,,

X01HA1108,中西宗教文化比较,硕士课,否,48,3.0,人文学院,曹印双,,
X01HA1109,实用美学与企业形象策划,硕士课,否,40,2.0,人文学院,舒智君,,
X01HA1110,生命美学,硕士课,否,40,2.0,人文学院,漆思,,
X01HA1111,公共关系美学,硕士课,否,40,2.0,人文学院,宋义霞,,
X01HA1112,佛教经典研读,硕士课,否,40,2.0,人文学院,张爱萍,,
X01HA1113,儒家经典研读,硕士课,否,40,2.0,人文学院,张斯珉,,
X01HA1114,道家经典研读,硕士课,否,40,2.0,人文学院,王雪,,
X02EM1001,应用统计分析,硕士课,否,48,3.0,经济与管理学院,温小霓,,
X02EM1002,宏观经济分析,硕士课,否,48,3.0,经济与管理学院,周源,,
X02EM1003,产业经济学,硕士课,否,32,2.0,经济与管理学院,张建军,,
X02EM1004,公司金融,硕士课,否,48,3.0,经济与管理学院,辛绵绵,,
X02EM1100,公司金融,硕士课,否,48,3.0,经济与管理学院,,,
X02EM1101,投资学,硕士课,否,48,3.0,经济与管理学院,朱明宣,,
X02EM1102,财政与金融,硕士课,否,48,3.0,经济与管理学院,赵武,,
X02EM1104,产业组织理论与政策,硕士课,否,32,2.0,经济与管理学院,邓俊荣,,
X02EM1105,国际金融,硕士课,否,48,3.0,经济与管理学院,胡新,,
X02EM1106,发展经济学,硕士课,否,48,3.0,经济与管理学院,康晓玲,,
X02EM1200,金融衍生工具,硕士课,否,32,2.0,经济与管理学院,杨蓬勃,,
X02EM1201,博弈论与信息经济学,硕士课,否,32,2.0,经济与管理学院,杜黎,,
X02EM1202,金融前沿问题研究,硕士课,否,16,1.0,经济与管理学院,杨蓬勃,,

X02EM1203,国际经济与投资,硕士课,否,32,2.0,经济与管理学院,王涛,,
X02EM1204,金融机构与市场,硕士课,否,32,2.0,经济与管理学院,朱明宣,,
X02EM1205,财务报表分析,硕士课,否,32,2.0,经济与管理学院,王涛,,
X02EM1206,行为金融学,硕士课,否,32,2.0,经济与管理学院,,,
X02EM1207,金融法专题,硕士课,否,16,1.0,经济与管理学院,,,
X02EM1208,网络金融,硕士课,否,32,2.0,经济与管理学院,杨蓬勃,,
X02EM1209,资产定价与风险管理,硕士课,否,32,2.0,经济与管理学院,,,
X02EM1210,国民经济核算,硕士课,否,48,3.0,经济与管理学院,朱明宣,,
X02EM1211,金融理论与政策,硕士课,否,32,2.0,经济与管理学院,,,
X02EM1215,区域经济学,硕士课,否,48,3.0,经济与管理学院,郑耀群,,
X02EM1216,产业经济学前沿专题,硕士课,否,16,1.0,经济与管理学院,张建军,,
X02EM1217,商业银行经营管理学,硕士课,否,32,3.0,经济与管理学院,,,
X02EM1218,高级财务管理,硕士课,否,48,3.0,经济与管理学院,王涛,,
X02EM1220,宏观经济管理比较,硕士课,否,48,3.0,经济与管理学院,周源,,
X02EM1223,战略管理,硕士课,否,48,3.0,经济与管理学院,,,
X02EM1224,世界经济研究,硕士课,否,32,2.0,经济与管理学院,,,
X02EM1225,保险精算理论与实务,硕士课,否,32,2.0,经济与管理学院,,,
X02EM1900,金融实验,硕士课,否,40,2.0,经济与管理学院,,,
X03HA1040,马克思主义经典著作选读,硕士课,否,48,3.0,马克思主义学院,史少博,,
X03HA1041,思想政治教育原理与方法专题研究,硕士课,否,48,3.0,马克思主义学院,武成莉,,

X03HA1042,马克思主义理论前沿问题研究,硕士课,否,48,3.0,马克思主义学院,刘建伟,,
X03HA1043,马克思主义中国化专题研究,硕士课,否,48,3.0,马克思主义学院,夏永林,,
X03HA1044,中国特色社会主义理论与实践,硕士课,否,48,3.0,马克思主义学院,陈鹏联,,
X03HA1045,思想政治教育心理学专题研究,硕士课,否,48,3.0,马克思主义学院,宋宝萍,,
X03HA1100,国外马克思主义专题研究,硕士课,否,32,2.0,马克思主义学院,,,
X03HA1101,马克思主义发展史专题研究,硕士课,否,32,2.0,马克思主义学院,马得林,,
X03HA1102,中外政治思想教育比较研究,硕士课,否,32,2.0,马克思主义学院,韦统义,,
X03HA1103,马克思主义与当代社会思潮,硕士课,否,32,2.0,马克思主义学院,舒智君,,
X03HA1104,心理健康与积极心理专题研究,硕士课,否,32,2.0,马克思主义学院,武成莉,,
X03HA1105,马克思主义党建学说,硕士课,否,32,2.0,马克思主义学院,,,
X03HA1106,政治学专题研究,硕士课,否,32,2.0,马克思主义学院,刘建伟,,
X03HA1107,心理学与马克思主义专题,硕士课,否,32,2.0,马克思主义学院,魏萍,,
X03HA1108,马克思主义社会发展理论专题研究,硕士课,否,32,2.0,马克思主义学院,赵常兴,,
X03HA1109,政府与公共选择理论专题研究,硕士课,否,32,2.0,马克思主义学院,,,
X04HA1040,教育学原理,硕士课,否,48,3.0,人文学院,,,
X04HA1041,教育科学研究方法,硕士课,否,48,3.0,人文学院,,,
X04HA1042,教育哲学概论,硕士课,否,48,3.0,人文学院,,,
X04HA1043,高等教育管理学,硕士课,否,48,3.0,人文学院,柏昌利,,
X04HA1044,高等教育学,硕士课,否,48,3.0,人文学院,李力,,
X04HA1045,教育心理学,硕士课,否,48,3.0,人文学院,宋宝萍,,

X04HA1046,教育哲学专题,硕士课,否,48,3.0,人文学院,于东红,,
X04HA1047,教育技术学,硕士课,否,48,3.0,人文学院,,,
X04HA1048,教育学科前沿讲座,硕士课,否,48,3.0,人文学院,,,
X04HA1049,教育社会学,硕士课,否,48,3.0,人文学院,,,
X04HA1100,马克思教育理论专题,硕士课,否,32,2.0,人文学院,柏昌利,,
X04HA1101,科学技术哲学专题研究,硕士课,否,32,2.0,人文学院,,,
X04HA1102,课程与教学原理,硕士课,否,32,2.0,人文学院,李力,,
X04HA1103,高等教育史,硕士课,否,32,2.0,人文学院,李力,,
X04HA1104,高等教育政策与法规,硕士课,否,32,2.0,人文学院,,,
X04HA1105,教育技术学,硕士课,否,32,2.0,人文学院,刘刚,,
X04HA1106,比较教育专题,硕士课,否,32,2.0,人文学院,于东红,,
X04HA1107,教育评价专题,硕士课,否,32,2.0,人文学院,于东红,,
X04HA1108,教育经济学,硕士课,否,32,2.0,人文学院,赵树凯,,
X04HA1109,教育统计与SPSS应用,硕士课,否,32,2.0,人文学院,,,
X04HA1110,学与教的心理学专题,硕士课,否,32,2.0,人文学院,,,
X04HA1111,学校心理健康教育专题,硕士课,否,32,2.0,人文学院,,,
X04HA1112,发展心理学,硕士课,否,32,2.0,人文学院,,,
X04HA1113,西方哲学史,硕士课,否,32,2.0,人文学院,,,
X04HA1114,中国哲学史,硕士课,否,32,2.0,人文学院,,,
X04HA1115,中外教育思想史专题研究,硕士课,否,32,2.0,人文学院,,,

X04HA1116,中外教育哲学比较研究,硕士课,否,32,2.0,人文学院,,,
X04HA1117,教育理论与教育改革前沿问题专题研究,硕士课,否,32,2.0,人文学院,,,
X04HA1118,中国古代教育哲学专题研究,硕士课,否,32,2.0,人文学院,,,
X04HA1119,西方教育哲学专题研究,硕士课,否,32,2.0,人文学院,,,
X04HA1120,伦理学概论,硕士课,否,32,2.0,人文学院,,,
X04HA1121,计算机与信息系统,硕士课,否,32,2.0,人文学院,,,
X05HA1040,运动训练学专题,硕士课,否,32,2.0,人文学院,,,
X05HA1041,运动生理学专题,硕士课,否,32,2.0,人文学院,,,
X05HA1042,体育教学论,硕士课,否,32,2.0,人文学院,,,
X05HA1043,社会体育学,硕士课,否,32,2.0,人文学院,,,
X05HA1044,体育科研方法,硕士课,否,32,2.0,人文学院,于少勇,,
X05HA1045,体育测量与评价,硕士课,否,32,2.0,人文学院,罗卓琼,,
X05HA1100,篮球教学训练理论与实践,硕士课,否,48,3.0,人文学院,徐国富,,
X05HA1101,排球教学训练理论与实践,硕士课,否,48,3.0,人文学院,,,
X05HA1102,足球教学训练理论与实践,硕士课,否,48,3.0,人文学院,,,
X05HA1103,田径教学训练理论与实践,硕士课,否,48,3.0,人文学院,,,
X05HA1104,游泳教学训练理论与实践,硕士课,否,48,3.0,人文学院,张志胜,,
X05HA1105,乒乓球教学训练理论与实践,硕士课,否,48,3.0,人文学院,,,
X05HA1106,羽毛球教学训练理论与实践,硕士课,否,48,3.0,人文学院,,,
X05HA1107,网球教学训练理论与实践,硕士课,否,48,3.0,人文学院,,,

X05HA1108,运动生物力学专题,硕士课,否,30,2.0,人文学院,,,
X05HA1109,运动心理学专题,硕士课,否,30,2.0,人文学院,,,
X05HA1110,现代教学手段与方法,硕士课,否,16,1.0,人文学院,牛健壮,,
X05HA1111,健身理论与方法,硕士课,否,30,2.0,人文学院,白光斌,,
X05HA1112,体育统计与SPSS,硕士课,否,30,2.0,人文学院,陈洪波,,
X05HA1113,运动营养学,硕士课,否,30,2.0,人文学院,苏振阳,,
X06FL1001,日语,硕士课,否,100,3.0,外国语学院,梁高峰,,
X06FL1002,俄语,硕士课,否,100,3.0,外国语学院,张玉丽,,
X06FL1003,德语,硕士课,否,100,3.0,外国语学院,薛文波,,
X06FL1004,法语,硕士课,否,100,3.0,外国语学院,王雨菡,,
X06FL1005,高级听译,硕士课,否,64,3.0,外国语学院,李长安,,
X06FL1006,翻译理论与技巧,硕士课,否,48,2.0,外国语学院,杨纳让,,
X06FL1007,语言学通论,硕士课,否,32,2.0,外国语学院,牛亚军,,
X06FL1008,科技英语语法,硕士课,否,48,2.0,外国语学院,李长安,,
X06FL1100,英语理论语法,硕士课,否,32,2.0,外国语学院,周正履,,
X06FL1101,高级写作,硕士课,否,32,2.0,外国语学院,Dana,,
X06FL1103,第二语言研究方法与学术论文写作,硕士课,否,32,2.0,外国语学院,燕浩,,
X06FL1201,语用学,硕士课,否,32,2.0,外国语学院,黄晓英,,
X06FL1204,语篇分析,硕士课,否,32,2.0,外国语学院,崔晓霞,,
X06FL1205,西方文化,硕士课,否,32,2.0,外国语学院,白素,,

X06FL1209,英美文学选读,硕士课,否,32,2.0,外国语学院,杨荣丽,,
X06FL1210,科技英语写作,硕士课,否,32,2.0,外国语学院,曹志宏,,
X06FL1211,科技英语翻译,硕士课,否,32,2.0,外国语学院,马刚,,
X06FL1213,科技英语高级阅读,硕士课,否,32,2.0,外国语学院,李长安,,
X06FL1214,英语教学法,硕士课,否,32,2.0,外国语学院,杨跃,,
X06FL1216,译论研读,硕士课,否,16,1.0,外国语学院,,,
X06FL1218,英汉对比研究,硕士课,否,16,1.0,外国语学院,,,
X06FL1219,心理语言学,硕士课,否,32,2.0,外国语学院,燕浩,,
X06FL1220,测试学,硕士课,否,32,2.0,外国语学院,,,
X06FL1222,语义学,硕士课,否,32,2.0,外国语学院,孙玲玲,,
X06FL1223,文体学,硕士课,否,32,2.0,外国语学院,牛亚军,,
X06FL1225,中西方翻译简史,硕士课,否,32,2.0,外国语学院,杨纳让,,
X06FL1228,文学原理,硕士课,否,32,2.0,外国语学院,刘秦明,,
X06FL1232,社会语言学,硕士课,否,32,2.0,外国语学院,张宏伟,,
X06FL1233,商务与管理沟通,硕士课,否,32,2.0,外国语学院,秦岭,,
X06FL1900,教学实践,博硕课,否,0,2.0,外国语学院,,,
X06FL1901,科研实践,博硕课,否,0,2.0,外国语学院,,,
X07ME0002,工程数学方法,博士课,否,48,3.0,机电工程学院,段宝岩,,
X07ME0200,结构非线性理论与方法,博士课,否,48,3.0,机电工程学院,陈建军,,
X07ME1001,工程数值方法,硕士课,否,48,3.0,机电工程学院,陈建军,,

X07ME1002,工程中的非线性理论与方法,硕士课,否,48,3.0,机电工程学院,陈建军,,
X07ME1266,工程数学方法,硕士课,否,48,3.0,机电工程学院,段宝岩,,
X07MS0001,非线性泛函分析,博士课,否,48,3.0,数学与统计学院,贺慧敏,,
X07MS0002,凸分析与最优化理论,博士课,否,48,3.0,数学与统计学院,卢楠,,
X07MS0004,非线性控制系统理论,博士课,否,48,3.0,数学与统计学院,李俊民,,
X07MS0005,变分理论与应用,博士课,否,48,3.0,数学与统计学院,冯象初,,
X07MS0100,稀疏逼近理论及其应用,博士课,否,48,3.0,数学与统计学院,,,
X07MS0101,网络化系统与分布式算法,博士课,否,48,3.0,数学与统计学院,陈为胜,,
X07MS0102,现代优化理论与算法,博士课,否,48,3.0,数学与统计学院,刘三阳,,
X07MS0104,组合优化与近似算法,博士课,否,48,3.0,数学与统计学院,,,
X07MS0106,变分不等式,博士课,否,48,3.0,数学与统计学院,刘红卫,,
X07MS0108,随机偏微分方程,博士课,否,48,3.0,数学与统计学院,,,
X07MS0109,智能控制理论与方法,博士课,否,48,3.0,数学与统计学院,李俊民,,
X07MS0110,小波分析与估计,博士课,否,48,3.0,数学与统计学院,冯象初,,
X07MS0111,机器学习,博士课,否,48,3.0,数学与统计学院,周水生,,
X07MS0209,控制理论新进展,博士课,否,48,3.0,数学与统计学院,李俊民，陈为胜，李靖,,
X07MS1001,线性与非线性泛函,硕士课,否,60,3.0,数学与统计学院,吴事良,,
X07MS1003,最优化方法,硕士课,否,48,3.0,数学与统计学院,孟红云,,
X07MS1004,图论与网络流,硕士课,否,48,3.0,数学与统计学院,乔胜宁,,
X07MS1006,线性控制系统理论,硕士课,否,48,3.0,数学与统计学院,李靖,,

X07MS1007,图像处理的数学基础,硕士课,否,48,3.0,数学与统计学院,冯象初,,
X07MS1009,矩阵分析与计算,硕士课,否,60,3.0,数学与统计学院,马建荣,,
X07MS1100,自适应控制理论,硕士课,否,48,3.0,数学与统计学院,陈为胜,,
X07MS1101,最优控制理论与微分对策,硕士课,否,48,3.0,数学与统计学院,李俊民,,
X07MS1102,凸分析与最优化理论,硕士课,否,48,3.0,数学与统计学院,卢楠,,
X07MS1103,初等数论,硕士课,否,48,3.0,数学与统计学院,刘振华,,
X07MS1104,智能优化算法,硕士课,否,48,3.0,数学与统计学院,孟红云，李宏,,
X07MS1106,随机过程及其应用,硕士课,否,48,3.0,数学与统计学院,冯海林,,
X07MS1108,现代数据分析,硕士课,否,48,3.0,数学与统计学院,杨有龙,,
X07MS1109,图像处理的变分与偏微分方程方法,硕士课,否,48,3.0,数学与统计学院,王卫卫,,
X07MS1110,复杂系统建模与仿真,硕士课,否,48,3.0,数学与统计学院,齐小刚,,
X07MS1200,非线性控制系统理论,硕士课,否,48,3.0,数学与统计学院,李俊民,,
X07MS1201,智能控制理论与方法,硕士课,否,48,3.0,数学与统计学院,李俊民,,
X07MS1202,时间序列分析,硕士课,否,48,3.0,数学与统计学院,,,
X07MS1204,模糊理论及应用,硕士课,否,48,3.0,数学与统计学院,李小南,,
X07MS1207,半定规划及其应用,硕士课,否,48,3.0,数学与统计学院,刘红卫,,
X07MS1208,网络化系统与分布式算法,硕士课,否,48,3.0,数学与统计学院,陈为胜,,
X07MS1209,控制理论新进展,硕士课,否,48,3.0,数学与统计学院,李俊民，陈为胜，李靖,,
X07MS1210,统计质量控制,硕士课,否,48,3.0,数学与统计学院,,,
X07MS1211,概率图模型及其应用,硕士课,否,48,3.0,数学与统计学院,杨有龙,,

X07MS1212,数据挖掘中的数学方法,硕士课,否,48,3.0,数学与统计学院,周水生,,
X07MS1213,独立分量分析,硕士课,否,48,3.0,数学与统计学院,冶继民,,
X07MS1214,非线性互补问题,硕士课,否,48,3.0,数学与统计学院,刘红卫,,
X07MS1215,小波分析与估计,硕士课,否,48,3.0,数学与统计学院,冯象初,,
X07MS1216,不确定规划,硕士课,否,16,1.0,数学与统计学院,,,
X07MS1217,数值泛函与小波理论,硕士课,否,48,3.0,数学与统计学院,王卫卫,,
X07MS1218,偏微分方程数值方法,硕士课,否,48,3.0,数学与统计学院,王卫卫,,
X07MS1219,非线性动力系统,硕士课,否,48,3.0,数学与统计学院,,,
X07MS1220,测度论,硕士课,否,48,3.0,数学与统计学院,,,
X07MS1221,高等计算机网络,硕士课,否,48,3.0,数学与统计学院,齐小刚,,
X08MI1001,凝聚态物理导论,硕士课,否,48,3.0,微电子学院,陆小力,,
X08MI1102,半导体表面与界面物理,硕士课,否,48,3.0,微电子学院,庄奕琪,,
X08MI1206,微电子薄膜,硕士课,否,32,2.0,微电子学院,吴振宇,,
X08MI1904,凝聚态物理实验,硕士课,否,45,2.0,微电子学院,史江义,,
X08PY0001,数学物理方法概论,博士课,否,48,3.0,物理与光电工程学院,白璐,,
X08PY0002,随机过程与随机场,博士课,否,48,3.0,物理与光电工程学院,弓树宏,,
X08PY0003,电磁波理论,博士课,否,48,3.0,物理与光电工程学院,魏兵，李江挺,,
X08PY0004,现代光学理论,博士课,否,48,3.0,物理与光电工程学院,韩香娥,,
X08PY0100,随机介质中的波传播与散射,博士课,否,48,3.0,物理与光电工程学院,吴振森,,
X08PY0101,电磁干扰与兼容,博士课,否,48,3.0,物理与光电工程学院,崔志伟,,

X08PY0102,电波理论与工程,博士课,否,48,3.0,物理与光电工程学院,杨瑞科,,
X08PY0103,光的传播理论,博士课,否,48,3.0,物理与光电工程学院,赵文娟，韩一平,,
X08PY0104,光的辐射与传输,博士课,否,48,3.0,物理与光电工程学院,白璐,,
X08PY0105,复杂系统中电磁波（专题）,博士课,否,48,3.0,物理与光电工程学院,吴振森,,
X08PY0106,现代光学前沿专题,博士课,否,48,3.0,物理与光电工程学院,韩一平,,
X08PY0200,波传播和散射数值方法,博士课,否,32,2.0,物理与光电工程学院,郭立新，曹运华,,
X08PY0201,现代计算电磁仿真技术,博士课,否,32,2.0,物理与光电工程学院,张民,,
X08PY0202,时域电磁场计算方法概论,博士课,否,32,2.0,物理与光电工程学院,魏兵,,
X08PY0204,统计光学,博士课,否,32,2.0,物理与光电工程学院,李艳辉,,
X08PY0205,计算光学,博士课,否,32,2.0,物理与光电工程学院,崔志伟,,
X08PY0206,纳米光学,博士课,否,32,2.0,物理与光电工程学院,李仁先,,
X08PY0207,激光雷达技术,博士课,否,32,2.0,物理与光电工程学院,刘春波,,
X08PY1001,数学物理方法概论,硕士课,否,48,3.0,物理与光电工程学院,白璐,,
X08PY1002,随机过程与随机场,硕士课,否,48,3.0,物理与光电工程学院,弓树宏,,
X08PY1003,电磁波理论,硕士课,否,48,3.0,物理与光电工程学院,魏兵，李江挺,,
X08PY1004,现代光学理论,硕士课,否,48,3.0,物理与光电工程学院,韩香娥,,
X08PY1100,随机介质中的波传播与散射,硕士课,否,48,3.0,物理与光电工程学院,吴振森,,
X08PY1101,电磁干扰与兼容,硕士课,否,48,3.0,物理与光电工程学院,崔志伟,,
X08PY1102,光的传播理论,硕士课,否,48,3.0,物理与光电工程学院,赵文娟，韩一平,,
X08PY1103,光的辐射与传输,硕士课,否,48,3.0,物理与光电工程学院,白璐,,

X08PY1104,等离子体物理与波传播,硕士课,否,48,3.0,物理与光电工程学院,吴振森,,
X08PY1105,复杂系统中电磁波（专题）,硕士课,否,48,3.0,物理与光电工程学院,吴振森,,
X08PY1106,现代光学前沿专题,硕士课,否,48,3.0,物理与光电工程学院,韩一平,,
X08PY1200,波传播和散射数值方法,硕士课,否,32,2.0,物理与光电工程学院,郭立新，曹运华,,
X08PY1201,现代计算电磁仿真技术,硕士课,否,32,2.0,物理与光电工程学院,张民,,
X08PY1202,电波理论与工程,硕士课,否,48,3.0,物理与光电工程学院,杨瑞科,,
X08PY1203,时域电磁场计算方法概论,硕士课,否,32,2.0,物理与光电工程学院,魏兵,,
X08PY1206,统计光学,硕士课,否,32,2.0,物理与光电工程学院,李艳辉,,
X08PY1207,计算光学,硕士课,否,32,2.0,物理与光电工程学院,崔志伟,,
X08PY1208,纳米光学,硕士课,否,32,2.0,物理与光电工程学院,李仁先,,
X08PY1209,激光雷达技术,硕士课,否,32,2.0,物理与光电工程学院,刘春波,,
X08PY1900,电波测量,硕士课,否,45,2.0,物理与光电工程学院,郭宏福,,
X08PY1901,现代光学与光散射实验,硕士课,否,45,2.0,物理与光电工程学院,韩香娥,,
X08PY1902,近代光电技术实验,硕士课,否,45,2.0,物理与光电工程学院,武颖丽,,
X09MS1001,高等数理统计,硕士课,否,48,3.0,数学与统计学院,周杰，王亮,,
X09MS1002,高等概率论,硕士课,否,48,3.0,数学与统计学院,宋月,,
X09MS1003,多元统计分析,硕士课,否,48,3.0,数学与统计学院,冶继民,,
X09MS1004,线性统计模型,硕士课,否,48,3.0,数学与统计学院,周杰,,
X09MS1004,线性统计模型,硕士课,否,48,3.0,数学与统计学院,李本崇,,
X09MS1100,统计计算方法,硕士课,否,48,3.0,数学与统计学院,王红军,,

X09MS1101,可靠性数学与应用,硕士课,否,48,3.0,数学与统计学院,,,
X09MS1103,现代统计方法引论,硕士课,否,48,3.0,数学与统计学院,王亮,,
X09MS1104,时间序列分析,硕士课,否,48,3.0,数学与统计学院,周杰,,
X09MS1105,应用随机过程,硕士课,否,48,3.0,数学与统计学院,冯海林,,
X09MS1201,贝叶斯估计与分类,硕士课,否,48,3.0,数学与统计学院,,,
X09MS1202,随机微分方程,硕士课,否,48,3.0,数学与统计学院,薄立军,,
X09MS1204,传感数据分析与应用,硕士课,否,48,3.0,数学与统计学院,冯海林,,
X09MS1205,金融衍生品定价理论,硕士课,否,48,3.0,数学与统计学院,,,
X10ME1121,模式识别原理,硕士课,否,48,3.0,机电工程学院,吴宪祥,,
X10ME1204,计算结构力学,硕士课,否,32,2.0,机电工程学院,仇原鹰,,
X10ME1227,弹性力学,硕士课,否,40,2.0,机电工程学院,徐亚兰,,
X10ME1238,分析力学,硕士课,否,40,2.0,机电工程学院,王芳林,,
X10ME1251,微观力学的多尺度分析方法,硕士课,否,40,2.0,机电工程学院,马娟,,
X11ME0106,电子装备机电耦合理论与方法,博士课,否,48,3.0,机电工程学院,段宝岩,,
X11ME0108,智能CAD,博士课,否,48,3.0,机电工程学院,赵克,,
X11ME0109,工程分析的现代理论与方法,博士课,否,48,3.0,机电工程学院,段宝岩,,
X11ME0110,微电子机械系统,博士课,否,48,3.0,机电工程学院,贾建援,,
X11ME0111,复杂系统控制理论新进展,博士课,否,48,3.0,机电工程学院,李智,,
X11ME0201,机械概率设计与模糊设计,博士课,否,40,2.0,机电工程学院,陈建军,,
X11ME0203,先进三维造型技术,博士课,否,48,3.0,机电工程学院,郑飞,,

X11ME0204,多体系统动力学,博士课,否,32,2.0,机电工程学院,李团结,柔性多体动力学，陆佑方,
X11ME0205,机器人技术研究前沿,博士课,否,40,2.0,机电工程学院,李团结,,
X11ME1003,计算机辅助工业设计,硕士课,否,48,3.0,机电工程学院,杨西惠,,
X11ME1004,工程有限单元法,硕士课,否,48,3.0,机电工程学院,贾建援,,
X11ME1008,机械振动学,硕士课,否,48,3.0,机电工程学院,陈建军,,
X11ME1013,空间设计,硕士课,否,48,3.0,机电工程学院,李建坤,,
X11ME1100,计算机图形学,硕士课,否,48,3.0,机电工程学院,许社教,,
X11ME1104,计算机辅助设计,硕士课,否,48,3.0,机电工程学院,邵晓东,,
X11ME1113,人机工效设计,硕士课,否,48,3.0,机电工程学院,杨西惠,,
X11ME1114,工业产品造型设计,硕士课,否,48,3.0,机电工程学院,张英,,
X11ME1115,振动控制,硕士课,否,48,3.0,机电工程学院,田文超,,
X11ME1202,微机电系统技术及其应用,硕士课,否,40,2.0,机电工程学院,贾建援,,
X11ME1205,计算机辅助制造技术,硕士课,否,32,2.0,机电工程学院,邵晓东,,
X11ME1208,机电控制系统装置,硕士课,否,40,2.0,机电工程学院,贾建援,,
X11ME1209,可视化与虚拟设计,硕士课,否,40,2.0,机电工程学院,郑飞,,
X11ME1210,电磁兼容设计技术,硕士课,否,40,2.0,机电工程学院,邱扬,,
X11ME1211,机械设计专家系统,硕士课,否,40,2.0,机电工程学院,李凯,,
X11ME1212,机构分析与综合,硕士课,否,32,2.0,机电工程学院,李团结,,
X11ME1213,工程结构优化设计,硕士课,否,40,2.0,机电工程学院,段宝岩,,
X11ME1219,多体系统动力学,硕士课,否,32,2.0,机电工程学院,李团结,柔性多体动力学，陆佑方,

X11ME1220,机械与结构系统的可靠性,硕士课,否,40,2.0,机电工程学院,陈建军,,
X11ME1225,产品造型设计研究,硕士课,否,32,2.0,机电工程学院,杜淑幸,,
X11ME1236,先进三维造型技术,硕士课,否,48,3.0,机电工程学院,郑飞,,
X11ME1240,柔性机构学基础,硕士课,否,32,2.0,机电工程学院,陈贵敏,,
X11ME1242,虚拟现实系统,硕士课,否,40,2.0,机电工程学院,殷磊,,
X11ME1246,数字化工厂技术与应用,硕士课,否,40,2.0,机电工程学院,孔宪光,,
X11ME1247,可再生能源制造,硕士课,否,40,2.0,机电工程学院,樊康旗,,
X11ME1248,公共环境设施设计,硕士课,否,40,2.0,机电工程学院,李建坤,,
X11ME1249,工业产品设计美学,硕士课,否,40,2.0,机电工程学院,张英,,
X11ME1250,用户体验设计,硕士课,否,40,2.0,机电工程学院,杨西惠,,
X11ME1252,工业设计概论,硕士课,否,40,2.0,机电工程学院,亿珍珍,,
X11ME1253,工业设计方法学,硕士课,否,40,2.0,机电工程学院,亿珍珍,,
X11ME1257,电子装备机电耦合理论与方法,硕士课,否,48,3.0,机电工程学院,段宝岩,,
X11ME1260,生物机械,硕士课,否,32,2.0,机电工程学院,段清娟,,
X11ME1261,机器人控制,硕士课,否,40,2.0,机电工程学院,杜敬利,,
X11ME1269,微尺度换热理论与分析,硕士课,否,40,2.0,机电工程学院,刘焕玲,,
X11ME1270,非线性系统的分析与综合,硕士课,否,40,2.0,机电工程学院,苏玉鑫,,
X11ME1271,MEMS微尺度力学分析,硕士课,否,32,2.0,机电工程学院,田文超,,
X11ME1272,电子装备结构、电磁、热综合设计,硕士课,否,40,2.0,机电工程学院,王从思,,
X11ME1273,电子设备结构设计原理,硕士课,否,40,2.0,机电工程学院,许社教,,

X11ME1275,SOPC技术与应用,硕士课,否,40,2.0,机电工程学院,米建伟,,
X11ME1276,创新设计,硕士课,否,32,2.0,机电工程学院,赵克,,
X11ME1278,工程分析的现代理论与方法,硕士课,否,48,3.0,机电工程学院,段宝岩,,
X11ME1279,智能控制,硕士课,否,48,3.0,机电工程学院,段宝岩,,
X11ME1280,天线系统导论与结构建模分析,硕士课,否,40,2.0,机电工程学院,王从思,,
X11ME1282,电子封装热-机械设计,硕士课,否,40,2.0,机电工程学院,朱敏波,,
X11ME1287,电磁固体结构力学,硕士课,否,40,2.0,机电工程学院,杨勇,,
X11ME1288,超导技术,硕士课,否,40,2.0,机电工程学院,杨勇,,
X11ME1901,机电一体化微机开发实验,硕士课,否,45,2.0,机电工程学院,杨振江,,
X11ME1908,产品模型实验,硕士课,否,45,2.0,机电工程学院,张英,,
X12PY0001,量子电子学,博士课,否,48,3.0,物理与光电工程学院,过振，王石语,,
X12PY0002,红外探测器,博士课,否,48,3.0,物理与光电工程学院,张建奇,,
X12PY0003,红外与光电系统,博士课,否,48,3.0,物理与光电工程学院,张建奇,,
X12PY0100,高等量子光学,博士课,否,48,3.0,物理与光电工程学院,杨志勇,,
X12PY0101,光学传感与检测,博士课,否,48,3.0,物理与光电工程学院,曹长庆,,
X12PY0102,非线性光学,博士课,否,48,3.0,物理与光电工程学院,马琳,,
X12PY0200,量子通信与量子计算,博士课,否,32,2.0,物理与光电工程学院,许定国,,
X12PY0201,光电成像系统：建模、仿真、测试与评估,博士课,否,32,2.0,物理与光电工程学院,王晓蕊,,
X12PY0202,高等光学,博士课,否,32,2.0,物理与光电工程学院,石顺祥,,
X12PY0203,光电成像理论与技术,博士课,否,48,3.0,物理与光电工程学院,王炳健,,

X12PY0204,光电成像与图像处理,博士课,否,48,3.0,物理与光电工程学院,邵晓鹏,,
X12PY0205,光电目标探测跟踪理论与技术,博士课,否,32,2.0,物理与光电工程学院,秦翰林，周慧鑫,,
X12PY0206,超快激光技术及应用,博士课,否,32,2.0,物理与光电工程学院,朱江峰,,
X12PY0207,微光学器件与系统,博士课,否,32,2.0,物理与光电工程学院,王军利,,
X12PY0208,计算成像,博士课,否,32,2.0,物理与光电工程学院,邵晓鹏,,
X12PY0209,原子、分子结构与光谱,博士课,否,32,2.0,物理与光电工程学院,王石语,,
X12PY0210,光学系统设计,博士课,否,48,3.0,物理与光电工程学院,李庆辉,,
X12PY0211,半导体光电子器件与技术,博士课,否,32,2.0,物理与光电工程学院,马琳,,
X12PY1001,现代光学,硕士课,否,48,3.0,物理与光电工程学院,刘继芳,,
X12PY1100,量子电子学,硕士课,否,48,3.0,物理与光电工程学院,过振，王石语,,
X12PY1101,量子光学,博硕课,否,48,3.0,物理与光电工程学院,杨志勇,,
X12PY1102,光学传感与检测,硕士课,否,48,3.0,物理与光电工程学院,曹长庆,,
X12PY1103,非线性光学,硕士课,否,48,3.0,物理与光电工程学院,马琳,,
X12PY1104,光电成像与图像处理,硕士课,否,48,3.0,物理与光电工程学院,邵晓鹏,,
X12PY1105,红外系统,硕士课,否,48,3.0,物理与光电工程学院,张建奇,,
X12PY1106,红外成像与应用,硕士课,否,48,3.0,物理与光电工程学院,徐军,,
X12PY1200,光学系统设计,硕士课,否,48,3.0,物理与光电工程学院,李庆辉,,
X12PY1201,高等量子力学,硕士课,否,32,2.0,物理与光电工程学院,许定国,,
X12PY1202,光电检测与信号处理,硕士课,否,48,3.0,物理与光电工程学院,曾晓东,,
X12PY1203,激光探测技术,硕士课,否,32,2.0,物理与光电工程学院,冯喆珺��,,

X12PY1204,光通讯网络技术与器件,硕士课,否,32,2.0,物理与光电工程学院,曾晓东,,
X12PY1205,光的电磁场理论,硕士课,否,32,2.0,物理与光电工程学院,孙艳玲,,
X12PY1206,量子信息学引论,硕士课,否,32,2.0,物理与光电工程学院,许定国,,
X12PY1208,光电成像系统：建模、仿真、测试与评估,硕士课,否,32,2.0,物理与光电工程学院,王晓蕊,,
X12PY1209,光电目标探测跟踪理论与技术,硕士课,否,32,2.0,物理与光电工程学院,秦翰林，周慧鑫,,
X12PY1210,超快激光技术及应用,硕士课,否,32,2.0,物理与光电工程学院,朱江峰,,
X12PY1211,微光学器件与系统,硕士课,否,32,2.0,物理与光电工程学院,王军利,,
X12PY1212,计算成像,硕士课,否,32,2.0,物理与光电工程学院,邵晓鹏,,
X12PY1213,半导体光电子器件与技术,硕士课,否,32,2.0,物理与光电工程学院,马琳,,
X12PY1214,光电虚拟现实原理与应用,硕士课,否,32,2.0,物理与光电工程学院,黄曦,,
X12PY1215,原子、分子结构与光谱,硕士课,否,32,2.0,物理与光电工程学院,王石语,,
X12PY1216,光电成像理论与技术,硕士课,否,48,3.0,物理与光电工程学院,王炳健,,
X12PY1217,激光光谱技术及应用,硕士课,否,32,2.0,物理与光电工程学院,林珂,,
X12PY1900,激光技术实验,硕士课,否,45,2.0,物理与光电工程学院,刘巨林,,
X12PY1901,现代光电子技术实验,硕士课,否,45,2.0,物理与光电工程学院,王晓蕊,,
X13ME0103,仪器与测量技术,博士课,否,48,3.0,机电工程学院,周渭,,
X13ME0104,现代测试导论,博士课,否,48,3.0,机电工程学院,于建国,,
X13ME0202,现代授时技术,博士课,否,32,2.0,机电工程学院,周渭,,
X13ME1006,现代测试导论,硕士课,否,48,3.0,机电工程学院,于建国,,
X13ME1103,精密测试技术,硕士课,否,48,3.0,机电工程学院,米建伟,,

X13ME1107,现代传感技术,硕士课,否,48,3.0,机电工程学院,黄进,,
X13ME1109,测试计量技术,硕士课,否,48,3.0,机电工程学院,周渭,,
X13ME1110,智能仪器设计,硕士课,否,48,3.0,机电工程学院,赵建,,
X13ME1117,现代光电检测技术,硕士课,否,32,2.0,机电工程学院,任获荣,,
X13ME1118,测量仪器中的信号分析与处理技术,硕士课,否,48,3.0,机电工程学院,陈晓龙,,
X13ME1224,电磁兼容测试技术,硕士课,否,40,2.0,机电工程学院,田锦,,
X13ME1228,时间与频率测试,硕士课,否,40,2.0,机电工程学院,周渭,,
X13ME1229,频率合成技术,硕士课,否,32,2.0,机电工程学院,孙璐,,
X13ME1230,微波毫米波集成理论基础,硕士课,否,40,2.0,机电工程学院,王家礼,,
X13ME1231,仪器与测量技术,硕士课,否,48,3.0,机电工程学院,周渭,,
X13ME1237,系统故障诊断原理,硕士课,否,48,3.0,机电工程学院,张玲霞,,
X13ME1281,现代授时技术,硕士课,否,32,2.0,机电工程学院,周渭,,
X13ME1902,数字信号处理测量与控制实验,硕士课,否,45,2.0,机电工程学院,陈晓龙,,
X13ME1904,现代电子测量仪器应用实验,硕士课,否,45,2.0,机电工程学院,陈晓龙,,
X13ME1905,CPLD/FPGA应用实验,硕士课,否,45,2.0,机电工程学院,赵建,,
X13ME1909,微波与高速电路实验,硕士课,否,45,2.0,机电工程学院,詹劲松,,
X13ME1910,自动测试与控制系统技术实验,硕士课,否,45,2.0,机电工程学院,陈晓龙,,
X13ME1911,近代电子线路实验,硕士课,否,45,2.0,机电工程学院,李希文,,
X14MA0041,计算材料学,博士课,否,48,3.0,先进材料与纳米科技学院,雷天民,,
X14MA0042,材料缺陷化学,博士课,否,48,3.0,先进材料与纳米科技学院,胡英,,

X14MA0107,固体理论,博士课,否,48,3.0,先进材料与纳米科技学院,曹全喜,,
X14MA0109,晶体物理性质,博士课,否,48,3.0,先进材料与纳米科技学院,任庆利,,
X14MA0200,材料科学进展专题研讨,博士课,否,32,2.0,先进材料与纳米科技学院,马晓华,,
X14MA1041,高等物理化学,硕士课,否,48,3.0,先进材料与纳米科技学院,姜海青,,
X14MA1042,计算材料学,硕士课,否,48,3.0,先进材料与纳米科技学院,雷天民,,
X14MA1043,材料的表面和界面,硕士课,否,48,3.0,先进材料与纳米科技学院,李桂芳,,
X14MA1044,材料缺陷化学,硕士课,否,48,3.0,先进材料与纳米科技学院,胡英,,
X14MA1100,晶体化学及物理性质,硕士课,否,48,3.0,先进材料与纳米科技学院,任庆利,,
X14MA1101,材料热力学与动力学,硕士课,否,48,3.0,先进材料与纳米科技学院,张显,,
X14MA1102,材料结构与性能,硕士课,否,48,3.0,先进材料与纳米科技学院,黄云霞,,
X14MA1103,材料现代分析技术,硕士课,否,48,3.0,先进材料与纳米科技学院,卫云鸽，曹全喜,,
X14MA1104,新型能源材料及应用,硕士课,否,48,3.0,先进材料与纳米科技学院,胡英,,
X14MA1106,晶体物理性质,硕士课,否,48,3.0,先进材料与纳米科技学院,任庆利,,
X14MA1200,薄膜生长理论,硕士课,否,32,2.0,先进材料与纳米科技学院,张显,,
X14MA1201,敏感材料及应用,硕士课,否,32,2.0,先进材料与纳米科技学院,胡英,,
X14MA1202,现代功能材料,硕士课,否,32,2.0,先进材料与纳米科技学院,雷天民,,
X14MA1203,纳米材料及应用,硕士课,否,32,2.0,先进材料与纳米科技学院,李智敏,,
X14MA1204,材料科学进展,硕士课,否,16,1.0,先进材料与纳米科技学院,,,
X14MA1205,声表面波器件,硕士课,否,32,2.0,先进材料与纳米科技学院,任庆利,,
X14MA1206,磁性材料,硕士课,否,32,2.0,先进材料与纳米科技学院,王毓鹏,,

X14MA1207,纳米电子学,硕士课,否,32,2.0,先进材料与纳米科技学院,杜磊，陈华,,
X14MA1208,太阳电池材料,硕士课,否,32,2.0,先进材料与纳米科技学院,何亮,,
X14MA1209,超级电容器及其应用,硕士课,否,32,1.0,先进材料与纳米科技学院,胡英,,
X14MA1900,材料专业实验,硕士课,否,45,2.0,先进材料与纳米科技学院,卫云鸽，李智敏,,
X14MA1901,应用化学专业实验,硕士课,否,32,2.0,先进材料与纳米科技学院,梁燕萍,,
X14ME1239,微纳技术,硕士课,否,16,1.0,机电工程学院,田文超,,
X14ME1244,纳米材料与纳米结构,硕士课,否,32,2.0,机电工程学院,王卫东,,
X15ME1005,微波电路CAA与CAD,硕士课,否,48,3.0,机电工程学院,王家礼,,
X15ME1007,现代电力电子技术,硕士课,否,48,3.0,机电工程学院,郑峰,,
X15ME1009,MEMS设计,硕士课,否,48,3.0,机电工程学院,田文超,,
X15ME1010,信号分析与处理,硕士课,否,48,3.0,机电工程学院,李小平,,
X15ME1235,电力传输及供配电技术,硕士课,否,32,2.0,机电工程学院,明正峰,,
X15MI1001,电力电子学,硕士课,否,48,3.0,微电子学院,吴玉广,,
X15MI1102,电力传动技术,硕士课,否,48,3.0,微电子学院,宣荣喜,,
X15MI1200,微电子技术概论,硕士课,否,48,3.0,微电子学院,董刚,,
X15MI1903,电力电子实验,硕士课,否,45,2.0,微电子学院,宣荣喜,,
X16EE0004,计算智能,博士课,否,48,3.0,电子工程学院,张小华,,
X16EE0005,近代工程优化设计方法,博士课,否,48,3.0,电子工程学院,焦永昌,,
X16EE0008,神经网络与模糊系统,博士课,否,48,3.0,电子工程学院,高新波,,
X16EE0010,数字信号处理（二）,博士课,否,48,3.0,电子工程学院,王敏，张子敬,,

X16EE0011,算法设计技术与方法,博士课,否,48,3.0,电子工程学院,公茂果,,
X16EE0016,现代机器学习理论,博士课,否,48,3.0,电子工程学院,韩红,,
X16EE0017,现代信号处理,博士课,否,48,3.0,电子工程学院,冯大政,,
X16EE0018,现代信号处理-高阶谱分析及其应用,博士课,否,48,3.0,电子工程学院,姬红兵,,
X16EE0020,阵列信号处理,博士课,否,48,3.0,电子工程学院,廖桂生,,
X16EE0021,自然计算,博士课,否,48,3.0,电子工程学院,尚荣华,,
X16EE0100,SAR图像处理与解译,博士课,否,48,3.0,电子工程学院,焦李成，冯婕，张向荣,,
X16EE0103,电磁场数值分析（双语）,博士课,否,48,3.0,电子工程学院,张玉,,
X16EE0105,电子系统集成设计技术,博士课,否,48,3.0,电子工程学院,,,
X16EE0106,电子战信号分析,博士课,否,48,3.0,电子工程学院,赵国庆,,
X16EE0108,多传感器数据融合技术,博士课,否,48,3.0,电子工程学院,吴艳,,
X16EE0109,非平稳信号分析与处理,博士课,否,48,3.0,电子工程学院,许述文,,
X16EE0111,非线性信号与图像处理,博士课,否,48,3.0,电子工程学院,杨淑媛,,
X16EE0112,高等天线理论,博士课,否,48,3.0,电子工程学院,龚书喜,,
X16EE0113,高等微波网络,博士课,否,48,3.0,电子工程学院,苏涛,,
X16EE0115,混合信号专用集成电路设计,博士课,否,48,3.0,电子工程学院,袁冰,,
X16EE0116,计算电磁学中的时域方法,博士课,否,48,3.0,电子工程学院,赵勋旺,,
X16EE0120,神经网络基础与应用,博士课,否,48,3.0,电子工程学院,杨淑媛,,
X16EE0123,数据挖掘与知识发现,博士课,否,48,3.0,电子工程学院,缑水平,,
X16EE0131,智能感知与先进计算新进展,博士课,否,48,3.0,电子工程学院,焦李成，公茂果,,

X16EE0133,智能目标识别分类技术,博士课,否,48,3.0,电子工程学院,侯彪,,
X16EE0134,现代天线理论,博士课,否,48,3.0,电子工程学院,孙保华,,
X16EE0212,电磁新材料（双语）,博士课,否,32,2.0,电子工程学院,李龙,,
X16EE0213,电路的优化设计,博士课,否,32,2.0,电子工程学院,来新泉，叶强,,
X16EE0220,多源信息融合,博士课,否,32,2.0,电子工程学院,韩红，于昕,,
X16EE0232,计算电磁学中的有限元方法,博士课,否,32,2.0,电子工程学院,安翔,,
X16EE0234,计算机视觉（双语教学）,博士课,否,32,2.0,电子工程学院,韩红,,
X16EE0237,矩量法,博士课,否,32,2.0,电子工程学院,刘英,,
X16EE0238,科学精神与方法专题讲座,博士课,否,32,2.0,电子工程学院,梁昌洪,,
X16EE0254,雷达隐身技术,博士课,否,32,2.0,电子工程学院,姜文，洪涛,,
X16EE0256,量子计算智能导论,博士课,否,32,2.0,电子工程学院,焦李成，李阳阳,,
X16EE0262,人工免疫系统,博士课,否,32,2.0,电子工程学院,焦李成，公茂果,,
X16EE0270,数字视频处理与分析,博士课,否,32,2.0,电子工程学院,郑喆坤,,
X16EE0282,统计学习理论应用,博士课,否,32,2.0,电子工程学院,缑水平，刘波,,
X16EE0299,现代微波器件与电路设计,博士课,否,32,2.0,电子工程学院,苏涛,,
X16EE0306,信号完整性分析,博士课,否,32,2.0,电子工程学院,李玉山，路建民,,
X16EE0308,压缩感知理论与应用,博士课,否,32,2.0,电子工程学院,杨淑媛,,
X16EE0315,移动系统天线技术,博士课,否,32,2.0,电子工程学院,刘英,,
X16EE0902,DSP技术及应用实验,博士课,否,32,2.0,电子工程学院,郭万有,,
X16EE0913,微波电路与系统,博士课,否,32,2.0,电子工程学院,雷振亚，王青,,

X16EE1002,高等电磁场,硕士课,否,48,3.0,电子工程学院,朱满座,,
X16EE1003,工程统计学导论,硕士课,否,48,3.0,电子工程学院,焦永昌，张立,,
X16EE1004,计算智能,硕士课,否,48,3.0,电子工程学院,张小华,,
X16EE1005,近代工程优化设计方法,硕士课,否,48,3.0,电子工程学院,焦永昌,,
X16EE1009,数学物理方法,硕士课,否,48,3.0,电子工程学院,郭景丽，邹艳林,,
X16EE1010,数字信号处理（二）,硕士课,否,48,3.0,电子工程学院,张子敬，王敏,,
X16EE1011,算法设计技术与方法,硕士课,否,48,3.0,电子工程学院,公茂果,,
X16EE1016,现代机器学习理论,硕士课,否,48,3.0,电子工程学院,韩红,,
X16EE1017,现代信号处理,硕士课,否,48,3.0,电子工程学院,冯大政,,
X16EE1018,现代信号处理-高阶谱分析及其应用,硕士课,否,48,3.0,电子工程学院,姬红兵,,
X16EE1020,阵列信号处理,硕士课,否,48,3.0,电子工程学院,廖桂生,,
X16EE1021,自然计算,硕士课,否,48,3.0,电子工程学院,尚荣华,,
X16EE1100,SAR图像处理与解译,硕士课,否,48,3.0,电子工程学院,焦李成，冯婕，张向荣,,
X16EE1103,电磁场数值分析（双语）,硕士课,否,48,3.0,电子工程学院,张玉,,
X16EE1104,电磁兼容理论与技术,硕士课,否,48,3.0,电子工程学院,路宏敏,,
X16EE1105,电子系统集成设计技术,硕士课,否,48,3.0,电子工程学院,,,
X16EE1106,电子战信号分析,硕士课,否,48,3.0,电子工程学院,赵国庆,,
X16EE1108,多传感器数据融合技术,硕士课,否,48,3.0,电子工程学院,吴艳,,
X16EE1109,非平稳信号分析与处理,硕士课,否,48,3.0,电子工程学院,许述文,,
X16EE1110,非线性电路与系统,硕士课,否,48,3.0,电子工程学院,杨淑媛,,

X16EE1111,非线性信号与图像处理,硕士课,否,48,3.0,电子工程学院,杨淑媛,,
X16EE1112,高等天线理论,硕士课,否,48,3.0,电子工程学院,龚书喜,,
X16EE1113,高等微波网络,硕士课,否,48,3.0,电子工程学院,苏涛,,
X16EE1115,混合信号专用集成电路设计,硕士课,否,48,3.0,电子工程学院,袁冰,,
X16EE1116,计算电磁学中的时域方法,硕士课,否,48,3.0,电子工程学院,赵勋旺,,
X16EE1120,神经网络基础与应用,硕士课,否,48,3.0,电子工程学院,杨淑媛,,
X16EE1123,数据挖掘与知识发现,硕士课,否,48,3.0,电子工程学院,缑水平,,
X16EE1125,现代电子对抗系统,硕士课,否,48,3.0,电子工程学院,董春曦，李鹏,,
X16EE1131,智能感知与先进计算新进展,硕士课,否,48,3.0,电子工程学院,焦李成，公茂果,,
X16EE1133,智能目标识别分类技术,硕士课,否,48,3.0,电子工程学院,侯彪,,
X16EE1136,电力线通信技术,硕士课,否,48,3.0,电子工程学院,杨刚,,
X16EE1137,微电子与电路集成系统,硕士课,否,48,3.0,电子工程学院,来新泉，袁冰,,
X16EE1201,DSP应用系统设计,硕士课,否,32,2.0,电子工程学院,鲍丹,,
X16EE1203,图像识别算法与系统设计,硕士课,否,48,3.0,电子工程学院,钟桦,,
X16EE1209,电磁场与微波技术,硕士课,否,32,2.0,电子工程学院,孙保华,,
X16EE1210,电磁散射,硕士课,否,32,2.0,电子工程学院,龚书喜,,
X16EE1212,电磁新材料（双语）,硕士课,否,32,2.0,电子工程学院,李龙,,
X16EE1213,电路的优化设计,硕士课,否,32,2.0,电子工程学院,来新泉，叶强,,
X16EE1214,电子战系统建模与仿真,硕士课,否,32,2.0,电子工程学院,刘高高,,
X16EE1217,多速率滤波器组、小波及其应用,硕士课,否,32,2.0,电子工程学院,石光明，谢雪梅,,

X16EE1220,多源信息融合,硕士课,否,32,2.0,电子工程学院,韩红，于昕,,
X16EE1222,复杂数字系统设计方法,硕士课,否,32,2.0,电子工程学院,张犁,,
X16EE1224,功率电子与电源集成,硕士课,否,32,2.0,电子工程学院,来新泉，叶强,,
X16EE1225,光电集成电路基础,硕士课,否,32,2.0,电子工程学院,,,
X16EE1230,基于嵌入式的创新--方法与实践,硕士课,否,32,2.0,电子工程学院,杨刚,,
X16EE1232,计算电磁学中的有限元方法,硕士课,否,32,2.0,电子工程学院,安翔,,
X16EE1234,计算机视觉（双语教学）,硕士课,否,32,2.0,电子工程学院,韩红,,
X16EE1235,近场天线测量,硕士课,否,32,2.0,电子工程学院,于丁，杨林,,
X16EE1237,矩量法,硕士课,否,32,2.0,电子工程学院,刘英,,
X16EE1238,科学精神与方法专题讲座,硕士课,否,32,2.0,电子工程学院,梁昌洪,,
X16EE1254,雷达隐身技术,硕士课,否,32,2.0,电子工程学院,姜文，洪涛,,
X16EE1256,量子计算智能导论,硕士课,否,32,2.0,电子工程学院,焦李成，李阳阳,,
X16EE1266,射频隐身技术导论,硕士课,否,32,2.0,电子工程学院,张帅，姜文,,
X16EE1270,数字视频处理与分析,硕士课,否,32,2.0,电子工程学院,郑喆坤,,
X16EE1272,数字信号处理（一）,硕士课,否,32,2.0,电子工程学院,刘峥，谢荣,,
X16EE1278,天线原理,硕士课,否,32,2.0,电子工程学院,傅光,,
X16EE1282,统计学习理论应用,硕士课,否,32,2.0,电子工程学院,缑水平，刘波,,
X16EE1286,微波与射频集成电路,硕士课,否,32,2.0,电子工程学院,史凌峰,,
X16EE1293,现代电路与系统设计,硕士课,否,32,2.0,电子工程学院,田小林,,
X16EE1299,现代微波器件与电路设计,硕士课,否,32,2.0,电子工程学院,苏涛,,

X16EE1305,信号理论,硕士课,否,32,2.0,电子工程学院,史林,,
X16EE1306,信号完整性分析,硕士课,否,32,2.0,电子工程学院,李玉山，路建民,,
X16EE1307,信息隐藏技术,硕士课,否,32,2.0,电子工程学院,同鸣,,
X16EE1308,压缩感知理论与应用,硕士课,否,32,2.0,电子工程学院,杨淑媛,,
X16EE1309,移动终端天线设计,硕士课,否,32,2.0,电子工程学院,翁子彬，张铮,,
X16EE1310,阵列天线分析与综合,硕士课,否,32,2.0,电子工程学院,张小苗，尚军平,,
X16EE1312,非负矩阵分解方法及应用,硕士课,否,32,2.0,电子工程学院,同鸣,,
X16EE1315,移动系统天线技术,硕士课,否,32,2.0,电子工程学院,刘英,,
X16EE1901,32位嵌入式系统实验,硕士课,否,32,2.0,电子工程学院,杨刚,,
X16EE1902,DSP技术及应用实验,硕士课,否,32,2.0,电子工程学院,郭万有,,
X16EE1904,大规模专用集成电路实验,硕士课,否,32,2.0,电子工程学院,任爱锋,,
X16EE1905,高性能计算实验,硕士课,否,32,2.0,电子工程学院,朱虎明,,
X16EE1906,基于C的单片机开发实验,硕士课,否,32,2.0,电子工程学院,邓军,,
X16EE1907,计算机网络实验,硕士课,否,32,2.0,电子工程学院,殷廷瑞，吕宁,,
X16EE1911,微波测量,硕士课,否,32,2.0,电子工程学院,陈蕾,,
X16EE1912,微波电路EDA实验,硕士课,否,48,3.0,电子工程学院,张媛媛,,
X16EE1913,微波电路与系统,硕士课,否,32,2.0,电子工程学院,雷振亚，王青,,
X16EE1914,微机接口设计实验,硕士课,否,32,2.0,电子工程学院,田小林,,
X16EE1926,雷达/雷达对抗实验,硕士课,否,48,3.0,电子工程学院,饶鲜,,
X16ME0102,微波电路理论分析与设计,博士课,否,48,3.0,机电工程学院,王家礼,,

X16ME1903,高档微机接口实验,硕士课,否,45,2.0,机电工程学院,李希文,,
X16MI0100,微电子专题研讨,博士课,否,32,2.0,微电子学院,IC导师组,,
X16MI0101,半导体异质结器件物理,博士课,否,48,3.0,微电子学院,张义门，张玉明,,
X16MI0102,射频微电子学,博士课,否,48,3.0,微电子学院,吕红亮,,
X16MI0103,SoC设计方法学,博士课,否,48,3.0,微电子学院,庄奕琪,,
X16MI0104,纳米电子学,博士课,否,48,3.0,微电子学院,朱樟明,,
X16MI0105,ULSI器件可靠性物理,博士课,否,48,3.0,微电子学院,刘红侠,,
X16MI1001,现代半导体器件物理,硕士课,否,48,3.0,微电子学院,胡辉勇，吕红亮,,
X16MI1100,微电子技术新进展,硕士课,否,32,2.0,微电子学院,IC导师组,,
X16MI1101,CMOS混合信号集成电路设计,硕士课,否,48,3.0,微电子学院,刘帘曦,,
X16MI1102,射频CMOS集成电路,硕士课,否,48,3.0,微电子学院,吕红亮,,
X16MI1103,VLSI系统设计,硕士课,否,48,3.0,微电子学院,庄奕琪，靳刚,,
X16MI1104,VLSI技术,硕士课,否,48,3.0,微电子学院,李跃进,,
X16MI1105,微电子器件可靠性,硕士课,否,48,3.0,微电子学院,刘红侠,,
X16MI1200,微电子技术概论,硕士课,否,32,2.0,微电子学院,董刚,,
X16MI1201,集成电路封装与测试,硕士课,否,32,2.0,微电子学院,包军林,,
X16MI1202,CMOS射频集成电路设计,硕士课,否,32,2.0,微电子学院,吕红亮,,
X16MI1204,功率集成电子学,硕士课,否,32,2.0,微电子学院,吴玉广,,
X16MI1205,专用集成电路设计,硕士课,否,32,2.0,微电子学院,史江义,,
X16MI1206,计算微电子学,硕士课,否,32,2.0,微电子学院,汤晓燕,,

X16MI1207,半导体集成光电子学,硕士课,否,32,2.0,微电子学院,张军琴,,
X16MI1208,纳米电子学基础,硕士课,否,32,2.0,微电子学院,马中发,,
X16MI1209,半导体光伏器件(双语),博硕课,否,32,2.0,微电子学院,张春福,,
X16MI1210,高级CMOS材料与器件(双语),博硕课,否,32,2.0,微电子学院,韩根全,,
X16MI1211,微电路可靠性评价、应用与失效分析技术,硕士课,否,32,2.0,微电子学院,,,
X16MI1901,EDA应用实践,硕士课,否,45,2.0,微电子学院,史江义,,
X16MI1902,微电子专业实验,硕士课,否,45,2.0,微电子学院,史江义,,
X16MI1912,集成电路版图设计,硕士课,否,32,2.0,微电子学院,刘毅,,
X16MI1913,Spice电路模拟仿真,硕士课,否,32,2.0,微电子学院,游海龙,,
X16MI1914,可编程器件及其应用,硕士课,否,32,2.0,微电子学院,许蓓蕾,,
X16MI1915,MATLAB系统级仿真分析,硕士课,否,32,2.0,微电子学院,高海霞，吴晓鹏,,
X16MI1916,Verilog HDL设计与综合,硕士课,否,32,2.0,微电子学院,蔡觉平,,
X16MI1918,集成系统可测性设计与技术,硕士课,否,48,3.0,微电子学院,张弘，史江义,,
X16MI1922,SoC验证方法与实现,硕士课,否,48,3.0,微电子学院,史江义,,
X16MI1923,Computer Architecture and Engineering,硕士课,否,40,2.0,微电子学院,,,
X16PY0200,CCD成像技术与应用,博士课,否,32,2.0,物理与光电工程学院,秦翰林,,
X16PY0201,光电虚拟现实原理与应用,博士课,否,32,2.0,物理与光电工程学院,黄曦,,
X16PY1001,光电探测器物理及应用,硕士课,否,48,3.0,物理与光电工程学院,王晓蕊,,
X16PY1200,光电对抗技术,硕士课,否,48,3.0,物理与光电工程学院,张建奇,,
X16PY1201,光电成像实时处理技术,硕士课,否,48,3.0,物理与光电工程学院,周慧鑫,,

X16PY1202,CCD成像技术与应用,硕士课,否,32,2.0,物理与光电工程学院,秦翰林,,
X17EE0127,现代雷达信号处理,博士课,否,48,3.0,电子工程学院,赵永波，刘峥，陈渤,,
X17EE0241,雷达成像原理与实时处理,博士课,否,32,2.0,电子工程学院,梁毅,,
X17EE0242,雷达目标参数估计,博士课,否,32,2.0,电子工程学院,赵永波,,
X17EE0243,雷达目标分析与检测,博士课,否,32,2.0,电子工程学院,许述文,,
X17EE0246,雷达图像处理与理解,博士课,否,32,2.0,电子工程学院,王爽,,
X17EE0247,雷达图像分析与处理,博士课,否,32,2.0,电子工程学院,王英华，纠博,,
X17EE0248,雷达系统仿真与性能评估,博士课,否,32,2.0,电子工程学院,刘楠,,
X17EE0249,雷达系统分析与设计,博士课,否,32,2.0,电子工程学院,陈伯孝,,
X17EE0251,雷达信号处理技术与系统设计,博士课,否,32,2.0,电子工程学院,李明,,
X17EE0255,雷达运动目标检测,博士课,否,32,2.0,电子工程学院,王彤,,
X17EE0257,盲信号处理及其应用,博士课,否,32,2.0,电子工程学院,冯大政,,
X17EE0279,统计数据分析与应用,博士课,否,32,2.0,电子工程学院,杜兰，王鹏辉,,
X17EE0312,智能信息处理新理论、新技术专题研讨,博士课,否,32,2.0,电子工程学院,侯彪,,
X17EE0313,自适应图像分析与识别,博士课,否,32,2.0,电子工程学院,侯彪,,
X17EE1127,现代雷达信号处理,硕士课,否,48,3.0,电子工程学院,赵永波，刘峥，陈渤,,
X17EE1134,自适应信号处理,硕士课,否,48,3.0,电子工程学院,刘宏伟,,
X17EE1204,参数估计和信号检测理论,硕士课,否,32,2.0,电子工程学院,王敏,,
X17EE1226,合成孔径雷达干涉技术,硕士课,否,32,2.0,电子工程学院,索志勇,,
X17EE1231,激光成像技术,硕士课,否,32,2.0,电子工程学院,邢孟道，唐禹,,

X17EE1241,雷达成像原理与实时处理,硕士课,否,32,2.0,电子工程学院,梁毅,,
X17EE1242,雷达目标参数估计,硕士课,否,32,2.0,电子工程学院,赵永波,,
X17EE1243,雷达目标分析与检测,硕士课,否,32,2.0,电子工程学院,许述文,,
X17EE1246,雷达图像处理与理解,硕士课,否,32,2.0,电子工程学院,王爽,,
X17EE1247,雷达图像分析与处理,硕士课,否,32,2.0,电子工程学院,王英华，纠博,,
X17EE1249,雷达系统分析与设计,硕士课,否,32,2.0,电子工程学院,陈伯孝,,
X17EE1251,雷达信号处理技术与系统设计,硕士课,否,32,2.0,电子工程学院,李明,,
X17EE1255,雷达运动目标检测,硕士课,否,32,2.0,电子工程学院,王彤,,
X17EE1257,盲信号处理及其应用,硕士课,否,32,2.0,电子工程学院,冯大政,,
X17EE1258,模式分类与应用,硕士课,否,32,2.0,电子工程学院,白雪茹,,
X17EE1265,软件无线电原理与应用,硕士课,否,32,2.0,电子工程学院,曹运合，杨明磊,,
X17EE1267,实时信号处理系统设计,硕士课,否,32,2.0,电子工程学院,苏涛,,
X17EE1271,数字系统设计与Verilog HDL语言,硕士课,否,32,2.0,电子工程学院,宋万杰,,
X17EE1276,双/多基地雷达系统,硕士课,否,32,2.0,电子工程学院,王俊,,
X17EE1279,统计数据分析与应用,硕士课,否,32,2.0,电子工程学院,杜兰，王鹏辉,,
X17EE1294,现代电子测量技术,硕士课,否,32,2.0,电子工程学院,罗丰,,
X17EE1295,现代谱估计方法,硕士课,否,32,2.0,电子工程学院,罗丰,,
X17EE1302,数字信号处理的工程快速算法,硕士课,否,32,2.0,电子工程学院,吴建新,,
X17EE1303,信号分析,硕士课,否,32,2.0,电子工程学院,陈建春,,
X17EE1312,智能信息处理新理论、新技术专题研讨,硕士课,否,32,2.0,电子工程学院,侯彪,,

X17EE1313,自适应图像分析与识别,硕士课,否,32,2.0,电子工程学院,侯彪,,
X17EE1903,DSP信号处理实验,硕士课,否,32,2.0,电子工程学院,,,
X17TE0001,代数编码理论,博士课,否,48,3.0,通信工程学院,白宝明,,
X17TE0002,有限域及其应用,博士课,否,48,3.0,通信工程学院,马文平,,
X17TE0100,通信信号处理,博士课,否,48,3.0,通信工程学院,刘祖军,,
X17TE0101,通信网络理论,博士课,否,48,3.0,通信工程学院,盛敏,,
X17TE0103,网络信息论,博士课,否,48,3.0,通信工程学院,白宝明，王子龙,,
X17TE0104,信号检测与估值理论,博士课,否,48,3.0,通信工程学院,李颖,,
X17TE0105,高级数字信号处理,博士课,否,48,3.0,通信工程学院,阔永红,,
X17TE0200,纠错码,博士课,否,32,2.0,通信工程学院,孙蓉，刘景伟,,
X17TE0201,编码理论新进展,博士课,否,32,2.0,通信工程学院,陈晓峰,,
X17TE0202,无线个人通信,博士课,否,32,2.0,通信工程学院,陈彦辉,,
X17TE0203,图像序列分析,博士课,否,32,2.0,通信工程学院,姜光,,
X17TE0204,数字通信,博士课,否,32,2.0,通信工程学院,孙永军,,
X17TE0205,信息论基础,博士课,否,32,2.0,通信工程学院,刘刚,,
X17TE0206,计算机通信网,博士课,否,32,2.0,通信工程学院,文爱军,,
X17TE0208,现代数字通信与编码理论,博士课,否,32,2.0,通信工程学院,白宝明,,
X17TE0209,网络计算与通信专题研讨,博士课,否,32,2.0,通信工程学院,沈中,,
X17TE0212,通信网络新理论、新技术专题研讨,博士课,否,32,2.0,通信工程学院,,,
X17TE0213,信息处理与传输新理论、新技术专题研讨,博士课,否,32,2.0,通信工程学院,,,

X17TE0215,通信系统原理,博士课,否,32,2.0,通信工程学院,任光亮，张会宁,,
X17TE0216,网络编码理论,博士课,否,32,2.0,通信工程学院,郭网媚，蔡宁,,
X17TE0217,随机信号分析,博士课,否,32,2.0,通信工程学院,李兵兵,,
X17TE0218,网络测量与网络行为学,博士课,否,32,2.0,通信工程学院,韩宝彬,,
X17TE0219,通信网的安全—理论与技术,博士课,否,32,2.0,通信工程学院,陈晓峰,,
X17TE0220,专用集成电路设计,博士课,否,32,2.0,通信工程学院,张健康,,
X17TE0221,宽带无线接入与无线IP技术,博士课,否,32,2.0,通信工程学院,李晓辉,,
X17TE0222,MIMO系统与OFDM传输技术,博士课,否,32,2.0,通信工程学院,赵力强,,
X17TE0224,扩频通信系统,博士课,否,32,2.0,通信工程学院,刘乃安,,
X17TE0225,数字信号处理,博士课,否,32,2.0,通信工程学院,王军宁,,
X17TE0226,互连网络的设计与应用（双语）,博士课,否,32,2.0,通信工程学院,顾华玺,,
X17TE0227,卫星导航定位基础,博士课,否,48,3.0,通信工程学院,韦娟,,
X17TE0228,卫星通信系统,博士课,否,48,3.0,通信工程学院,田红心,,
X17TE0229,宽带无线通信,博士课,否,48,3.0,通信工程学院,盛敏,,
X17TE0230,认知网络,博士课,否,48,3.0,通信工程学院,李红艳,,
X17TE0900,通信系统综合实验,博士课,否,32,2.0,通信工程学院,赵力,,
X17TE0901,宽带通信网络综合实验,博士课,否,32,2.0,通信工程学院,徐展琦，丁喆,,
X17TE1100,网络信息论,硕士课,否,48,3.0,通信工程学院,白宝明，王子龙,,
X17TE1101,通信网络理论,硕士课,否,48,3.0,通信工程学院,盛敏,,
X17TE1103,信号检测与估值理论,硕士课,否,48,3.0,通信工程学院,李颖,,

X17TE1104,高级数字信号处理,硕士课,否,48,3.0,通信工程学院,阔永红,,
X17TE1105,通信信号处理,硕士课,否,48,3.0,通信工程学院,刘祖军,,
X17TE1200,通信系统原理,硕士课,否,32,2.0,通信工程学院,任光亮，张会宁,,
X17TE1201,网络编码理论,硕士课,否,32,2.0,通信工程学院,郭网媚，蔡宁,,
X17TE1202,随机信号分析,硕士课,否,32,2.0,通信工程学院,李兵兵,,
X17TE1203,纠错码,硕士课,否,32,2.0,通信工程学院,孙蓉，刘景伟,,
X17TE1204,信息论基础,硕士课,否,32,2.0,通信工程学院,刘刚,,
X17TE1206,计算机通信网,硕士课,否,32,2.0,通信工程学院,文爱军,,
X17TE1207,扩频通信系统,硕士课,否,32,2.0,通信工程学院,刘乃安,,
X17TE1208,移动通信网,硕士课,否,32,2.0,通信工程学院,马英红,,
X17TE1209,计算机图形学,硕士课,否,32,2.0,通信工程学院,肖嵩,,
X17TE1210,编码理论新进展,硕士课,否,32,2.0,通信工程学院,陈晓峰,,
X17TE1211,信源编码,硕士课,否,32,2.0,通信工程学院,马鸿飞,,
X17TE1213,数字图象信号处理,硕士课,否,32,2.0,通信工程学院,王养利,,
X17TE1214,宽带接入网新技术,硕士课,否,32,2.0,通信工程学院,徐展琦,,
X17TE1216,通信网的安全—理论与技术,硕士课,否,32,2.0,通信工程学院,陈晓峰,,
X17TE1217,专用集成电路设计,硕士课,否,32,2.0,通信工程学院,张健康,,
X17TE1218,网络计算与通信专题研讨,硕士课,否,32,2.0,通信工程学院,沈中,,
X17TE1220,无线通信理论,硕士课,否,32,2.0,通信工程学院,白宝明，郑贱平,,
X17TE1221,现代数字通信与编码理论,硕士课,否,32,2.0,通信工程学院,白宝明,,

X17TE1222,宽带无线接入与无线IP技术,硕士课,否,32,2.0,通信工程学院,李晓辉,,
X17TE1223,数字信号处理,硕士课,否,32,2.0,通信工程学院,王军宁,,
X17TE1224,网络测量与网络行为学,硕士课,否,32,2.0,通信工程学院,韩宝彬,,
X17TE1227,信息网络理论基础,硕士课,否,32,2.0,通信工程学院,张琰,,
X17TE1229,通信系统仿真及无线应用,硕士课,否,32,2.0,通信工程学院,王杰令，田斌,,
X17TE1230,空间信息科学新技术讲座,硕士课,否,32,2.0,通信工程学院,韦娟,,
X17TE1231,通信网络新理论、新技术专题研讨,硕士课,否,32,2.0,通信工程学院,,,
X17TE1232,信息处理与传输新理论、新技术专题研讨,硕士课,否,32,2.0,通信工程学院,,,
X17TE1233,数字通信,硕士课,否,32,2.0,通信工程学院,孙永军,,
X17TE1234,MIMO系统与OFDM传输技术,硕士课,否,32,2.0,通信工程学院,赵力强,,
X17TE1235,互连网络的设计与应用（双语）,硕士课,否,32,2.0,通信工程学院,顾华玺,,
X17TE1236,图像工程,硕士课,否,48,3.0,通信工程学院,卢朝阳，李静,,
X17TE1240,卫星通信系统,硕士课,否,48,3.0,通信工程学院,田红心,,
X17TE1241,宽带无线通信,硕士课,否,48,3.0,通信工程学院,盛敏,,
X17TE1242,卫星导航定位基础,硕士课,否,48,3.0,通信工程学院,韦娟,,
X17TE1243,认知网络,硕士课,否,48,3.0,通信工程学院,李红艳,,
X17TE1900,通信系统综合实验,硕士课,否,32,2.0,通信工程学院,赵力,,
X17TE1901,宽带通信网络综合实验,硕士课,否,32,2.0,通信工程学院,徐展琦，丁喆,,
X18EE0014,稀疏学习理论,博士课,否,48,3.0,电子工程学院,,,
X18EE0102,大规模视觉认知与计算,博士课,否,48,3.0,电子工程学院,邓成,,

X18EE0122,视觉计算与协同认知,博士课,否,48,3.0,电子工程学院,邓成，王颖,,
X18EE0124,数字图像处理,博士课,否,48,3.0,电子工程学院,李洁,,
X18EE0260,逆问题计算方法,博士课,否,32,2.0,电子工程学院,宁贝佳,,
X18EE0264,人类视觉基础,博士课,否,32,2.0,电子工程学院,路文,,
X18EE0268,视觉信息质量评价方法,博士课,否,32,2.0,电子工程学院,路文,,
X18EE0269,数字视觉、视频技术,博士课,否,32,2.0,电子工程学院,刘洋,,
X18EE0280,统计信号处理,博士课,否,32,2.0,电子工程学院,张建龙,,
X18EE0284,图像融合技术及应用（双语）,博士课,否,32,2.0,电子工程学院,那彦,,
X18EE0298,现代图像分析,博士课,否,32,2.0,电子工程学院,田春娜,,
X18EE0300,系统建模与仿真,博士课,否,48,3.0,电子工程学院,史林,,
X18EE0910,嵌入式系统技术及应用,博士课,否,32,2.0,电子工程学院,孙江敏,,
X18EE1102,大规模视觉认知与计算,硕士课,否,48,3.0,电子工程学院,邓成,,
X18EE1119,模糊理论与模糊系统,硕士课,否,48,3.0,电子工程学院,高新波,,
X18EE1124,数字图像处理,硕士课,否,48,3.0,电子工程学院,李洁,,
X18EE1130,制导与控制原理,硕士课,否,48,3.0,电子工程学院,冯冬竹,,
X18EE1185,智能控制理论及应用,硕士课,否,48,3.0,电子工程学院,楼顺天,,
X18EE1260,逆问题计算方法,硕士课,否,32,2.0,电子工程学院,宁贝佳,,
X18EE1264,人类视觉基础,硕士课,否,32,2.0,电子工程学院,路文,,
X18EE1268,视觉信息质量评价方法,硕士课,否,32,2.0,电子工程学院,路文,,
X18EE1269,数字视觉、视频技术,硕士课,否,32,2.0,电子工程学院,刘洋,,

X18EE1280,统计信号处理,硕士课,否,32,2.0,电子工程学院,张建龙,,
X18EE1283,图像处理与成像制导,硕士课,否,32,2.0,电子工程学院,石光明，齐飞,,
X18EE1284,图像融合技术及应用（双语）,硕士课,否,32,2.0,电子工程学院,那彦,,
X18EE1298,现代图像分析,硕士课,否,32,2.0,电子工程学院,田春娜,,
X18EE1300,系统建模与仿真,硕士课,否,48,3.0,电子工程学院,史林,,
X18EE1386,精确制导技术,硕士课,否,32,2.0,电子工程学院,谢荣，刘峥,,
X18EE1910,嵌入式系统技术及应用,硕士课,否,32,2.0,电子工程学院,孙江敏,,
X18EE1923,先进影像处理与分析综合实验,硕士课,否,32,2.0,电子工程学院,王斌,,
X18EE1924,制导与控制高级实验,硕士课,否,32,2.0,电子工程学院,冯冬竹,,
X18ME0003,智能控制,博士课,否,48,3.0,机电工程学院,段宝岩,,
X18ME0100,建模、仿真与控制,博士课,否,48,3.0,机电工程学院,段清娟,,
X18ME0105,图像理解与机器视觉,博士课,否,48,3.0,机电工程学院,刘贵喜,,
X18ME1106,现代控制理论,硕士课,否,48,3.0,机电工程学院,屈胜利,,
X18ME1111,线性系统,硕士课,否,48,3.0,机电工程学院,韩保君,,
X18ME1112,电机与运动控制系统,硕士课,否,48,3.0,机电工程学院,明正峰,,
X18ME1119,最优控制,硕士课,否,48,3.0,机电工程学院,李智,,
X18ME1120,建模、仿真与控制,硕士课,否,48,3.0,机电工程学院,段清娟,,
X18ME1122,离散事件系统,硕士课,否,48,3.0,机电工程学院,李志武,,
X18ME1217,控制系统设计,硕士课,否,40,2.0,机电工程学院,屈胜利,,
X18ME1222,计算机控制技术,硕士课,否,40,2.0,机电工程学院,过润秋,,

X18ME1223,模糊控制技术,硕士课,否,40,2.0,机电工程学院,过润秋,,
X18ME1233,系统辨识,硕士课,否,48,3.0,机电工程学院,屈胜利,,
X18ME1234,变结构控制系统导论,硕士课,否,40,2.0,机电工程学院,屈胜利,,
X18ME1243,微流控芯片实验室技术及应用,硕士课,否,32,2.0,机电工程学院,王卫东,,
X18ME1259,多智能体协同控制,硕士课,否,32,2.0,机电工程学院,张国渊,,
X18ME1262,现场总线技术,硕士课,否,32,2.0,机电工程学院,马伯渊,,
X18ME1263,图像工程,硕士课,否,48,3.0,机电工程学院,孙伟,,
X18ME1264,应用非线性控制,硕士课,否,40,2.0,机电工程学院,保宏,,
X18ME1265,嵌入式系统设计,硕士课,否,32,2.0,机电工程学院,陈光达,,
X18ME1267,控制系统CAD,硕士课,否,40,2.0,机电工程学院,段江涛,,
X18ME1268,图像理解与机器视觉,硕士课,否,48,3.0,机电工程学院,刘贵喜,,
X18ME1274,智能系统原理,硕士课,否,48,3.0,机电工程学院,闫允一,,
X18ME1277,自适应控制,硕士课,否,48,3.0,机电工程学院,朱荣明,,
X18ME1278,计算机视觉中的多视图几何,博硕课,否,30,2.0,机电工程学院,张强,,
X18ME1906,现代控制系统实验,硕士课,否,45,2.0,机电工程学院,韩保君,,
X18ME1907,运动控制系统实验,硕士课,否,45,2.0,机电工程学院,,,
X18SS0108,数字图像处理及应用,博士课,否,48,3.0,空间科学与技术学院,许录平，冯冬竹，孙景荣,,
X18SS0200,多智能体系统一致性与应用,博士课,否,48,3.0,空间科学与技术学院,,,
X18SS1107,数字图像处理及应用,硕士课,否,48,3.0,空间科学与技术学院,许录平，冯冬竹，孙景荣,,
X18SS1200,多智能体系统一致性与应用,硕士课,否,48,3.0,空间科学与技术学院,,,

X19CE0106,信息安全理论与技术,博士课,否,48,3.0,网络与信息安全学院,李兴华,,
X19CE1117,网络与系统安全,硕士课,否,48,3.0,网络与信息安全学院,马卓,,
X19CE1210,移动互联网技术,硕士课,否,32,2.0,网络与信息安全学院,苏锐丹,,
X19CE1901,网络安全实验,硕士课,否,32,2.0,网络与信息安全学院,习宁,,
X19CS0001,最优化理论与方法,博士课,否,48,3.0,计算机学院,魏静萱,,
X19CS0002,统计检验理论,博士课,否,48,3.0,计算机学院,袁细国,,
X19CS0003,图论,博士课,否,48,3.0,计算机学院,孙鹏岗,,
X19CS0004,程序的形式语义与验证,博士课,否,48,3.0,计算机学院,张南,,
X19CS0005,形式语言与自动机,博士课,否,48,3.0,计算机学院,方敏,,
X19CS0100,机器学习,博士课,否,48,3.0,计算机学院,张军英,,
X19CS0101,复杂网络基础与应用,博士课,否,48,3.0,计算机学院,郭杏莉，王炳波,,
X19CS0102,先进人工智能,博士课,否,48,3.0,计算机学院,杨利英,,
X19CS0103,并行与分布式计算,博士课,否,48,3.0,计算机学院,霍红卫,,
X19CS0104,计算生物信息学,博士课,否,48,3.0,计算机学院,高琳,,
X19CS0105,计算智能,博士课,否,48,3.0,计算机学院,刘芳,,
X19CS0107,模糊系统理论与应用,博士课,否,48,3.0,计算机学院,苗启广,,
X19CS0108,模式识别（二）,博士课,否,48,3.0,计算机学院,刘芳,,
X19CS0109,图的挖掘技术及应用,博士课,否,32,2.0,计算机学院,高琳,,
X19CS0110,动态系统与混沌导论,博士课,否,48,3.0,计算机学院,张军英,,
X19CS0112,模式识别,博士课,否,48,3.0,计算机学院,刘芳,,

X19CS0116,服务计算与大数据,博士课,否,48,3.0,计算机学院,田聪，段振华,,
X19CS0200,计算机科学与技术新进展,博士课,否,36,2.0,计算机学院,马建峰，沈玉龙,,
X19CS0201,视觉计算理论与算法,博士课,否,40,2.0,计算机学院,刘志镜,,
X19CS0202,Petri网原理及应用,博士课,否,40,2.0,计算机学院,方敏,,
X19CS0250,城市计算,博士课,否,32,2.0,计算机学院,郑宇，蒋忠元,,
X19CS1002,统计检验理论,硕士课,否,48,3.0,计算机学院,袁细国,,
X19CS1003,图论,硕士课,否,48,3.0,计算机学院,孙鹏岗,,
X19CS1004,程序的形式语义与验证,硕士课,否,48,3.0,计算机学院,张南,,
X19CS1005,形式语言与自动机,硕士课,否,48,3.0,计算机学院,方敏,,
X19CS1006,计算机科学使用的数理逻辑,硕士课,否,48,3.0,计算机学院,刘西洋,,
X19CS1007,组合数学,硕士课,否,48,3.0,计算机学院,姜建国，魏静萱,,
X19CS1008,数论算法及有限域,硕士课,否,48,3.0,计算机学院,姜建国,,
X19CS1009,计算机科学中的信息论基础,硕士课,否,48,3.0,计算机学院,慕建君，焦晓鹏,,
X19CS1010,工程优化方法,硕士课,否,48,3.0,计算机学院,王宇平,,
X19CS1100,机器学习,硕士课,否,48,3.0,计算机学院,张军英,,
X19CS1103,并行与分布式计算,硕士课,否,48,3.0,计算机学院,霍红卫,,
X19CS1104,计算生物信息学,硕士课,否,48,3.0,计算机学院,高琳，马小科,,
X19CS1105,计算智能,硕士课,否,48,3.0,计算机学院,刘芳,,
X19CS1107,模糊系统理论与应用,硕士课,否,48,3.0,计算机学院,苗启广,,
X19CS1109,图的挖掘技术及应用,硕士课,否,32,2.0,计算机学院,高琳,,

X19CS1110,动态系统与混沌导论,硕士课,否,48,3.0,计算机学院,张军英,,
X19CS1111,人工智能,硕士课,否,48,3.0,计算机学院,刘芳，郝红侠,,
X19CS1112,模式识别,硕士课,否,48,3.0,计算机学院,刘芳,,
X19CS1113,计算机图形学,硕士课,否,48,3.0,计算机学院,王义峰,,
X19CS1114,进化算法基础,硕士课,否,48,3.0,计算机学院,王宇平,,
X19CS1115,数据挖掘原理与应用,硕士课,否,48,3.0,计算机学院,鱼亮,,
X19CS1116,服务计算与大数据,硕士课,否,48,3.0,计算机学院,田聪，段振华,,
X19CS1118,高级计算机系统结构,硕士课,否,48,3.0,计算机学院,蒋明,,
X19CS1119,数据与知识工程,硕士课,否,48,3.0,计算机学院,崔江涛，李辉,,
X19CS1120,算法分析与设计,硕士课,否,48,3.0,计算机学院,霍红卫,,
X19CS1123,虚拟机技术及应用,硕士课,否,32,2.0,计算机学院,苗启广，宋建锋,,
X19CS1124,人机交互,硕士课,否,36,2.0,计算机学院,安玲玲，万波,,
X19CS1129,工业控制与嵌入式系统,硕士课,否,48,3.0,计算机学院,付少锋,,
X19CS1202,Petri网理论与应用,硕士课,否,40,2.0,计算机学院,方敏,,
X19CS1203,生物信息学算法,硕士课,否,32,2.0,计算机学院,霍红卫,,
X19CS1204,Web程序设计,硕士课,否,32,2.0,计算机学院,王小兵,,
X19CS1205,计算机视觉,硕士课,否,32,2.0,计算机学院,潘蓉,,
X19CS1206,图像处理的数学基础,硕士课,否,32,2.0,计算机学院,纪建,,
X19CS1207,量子计算及在图像处理中的应用,硕士课,否,32,2.0,计算机学院,王保保,,
X19CS1208,Linux内核原理与分析,硕士课,否,40,2.0,计算机学院,李龙海,,

X19CS1209,云计算及虚拟化技术,硕士课,否,36,2.0,计算机学院,丁振国,,
X19CS1212,VHDL语言与数字系统EDA设计,硕士课,否,32,2.0,计算机学院,刘凯,,
X19CS1213,网络技术新进展,硕士课,否,32,2.0,计算机学院,杨超,,
X19CS1250,城市计算,硕士课,否,32,2.0,计算机学院,郑宇，蒋忠元,,
X19CS1251,Web前端程序设计,硕士课,否,32,2.0,计算机学院,,,
X19CS1252,计算机科学及技术新进展及其实践,硕士课,否,32,2.0,计算机学院,,,
X19CS1253,深度神经网络及应用,硕士课,否,32,2.0,计算机学院,,,
X19CS1900,计算机网络工程与实验,硕士课,否,48,3.0,计算机学院,刘志镜，姚勇,,
X19CS1902,数据分析原理与实验,硕士课,否,48,3.0,计算机学院,杨利英，张军英，袁细国，王炳波,,
X19CS1903,FPGA设计实验,硕士课,否,32,2.0,计算机学院,刘刚,,
X19CS1904,网络存储技术原理、应用与实验,硕士课,否,32,2.0,计算机学院,刘凯,,
X19CS1905,操作系统内核设计实践,硕士课,否,32,2.0,计算机学院,李龙海,,
X19ME1256,多媒体技术,硕士课,否,40,2.0,机电工程学院,许威，杜敬利,,
X20MA1002,电化学原理与方法,硕士课,否,48,3.0,先进材料与纳米科技学院,梁燕萍,,
X20MA1003,材料微结构分析,硕士课,否,48,3.0,先进材料与纳米科技学院,朱黎霞,,
X20MA1004,高等无机化学,硕士课,否,48,3.0,先进材料与纳米科技学院,周利君,,
X20MA1100,现代量子化学,硕士课,否,48,3.0,先进材料与纳米科技学院,唐前林,,
X20MA1101,电化学测试技术,硕士课,否,48,3.0,先进材料与纳米科技学院,梁燕萍,,
X20MA1102,现代控制工程,硕士课,否,48,3.0,先进材料与纳米科技学院,贾剑平,,
X20MA1103,材料制备与技术,硕士课,否,48,3.0,先进材料与纳米科技学院,朱黎霞,,

X20MA1104,分子模拟,硕士课,否,48,3.0,先进材料与纳米科技学院,唐前林,,
X20MA1200,新能源材料,硕士课,否,32,2.0,先进材料与纳米科技学院,朱黎霞,,
X20MA1201,配位化学,硕士课,否,32,2.0,先进材料与纳米科技学院,周利君,,
X20MA1202,工业催化理论及应用,硕士课,否,32,2.0,先进材料与纳米科技学院,梁燕萍,,
X20MA1203,化工过程开发与设计,硕士课,否,32,2.0,先进材料与纳米科技学院,贾剑平,,
X20MA1204,统计热力学,硕士课,否,32,2.0,先进材料与纳米科技学院,唐前林,,
X20MA1205,VASP基础与应用,硕士课,否,16,1.0,先进材料与纳米科技学院,唐前林,,
X20MA1900,应用化学专业实验,硕士课,否,40,2.0,先进材料与纳米科技学院,梁燕萍,,
X20MA1901,材料专业实验,硕士课,否,40,2.0,先进材料与纳米科技学院,卫云鸽，李智敏,,
X21TE1100,智能交通系统工程,硕士课,否,48,3.0,通信工程学院,张向东,,
X21TE1101,图像工程,硕士课,否,48,3.0,通信工程学院,卢朝阳，李静,,
X21TE1200,车辆自组织网络技术及应用,硕士课,否,32,2.0,通信工程学院,李长乐,,
X21TE1201,统计模式识别,硕士课,否,32,2.0,通信工程学院,高全学,,
X21TE1202,RFID技术及应用,硕士课,否,32,2.0,通信工程学院,张向东,,
X21TE1203,智能电子警察技术,硕士课,否,16,1.0,通信工程学院,王伟,,
X21TE1204,车牌车型识别技术,硕士课,否,16,1.0,通信工程学院,王伟,,
X21TE1205,现场勘测建模技术,硕士课,否,16,1.0,通信工程学院,王伟,,
X22EE1311,智能天线,硕士课,否,32,2.0,电子工程学院,李平,,
X23FL1001,日语,硕士课,否,100,3.0,外国语学院,梁高峰,,
X23FL1002,俄语,博硕课,否,100,3.0,外国语学院,张玉丽,,

X23FL1003,德语,博硕课,否,100,3.0,外国语学院,薛文波,,
X23FL1004,法语,博硕课,否,100,3.0,外国语学院,赵燕,,
X23FL1100,英国文学史,博硕课,否,48,3.0,外国语学院,潘薇,,
X23FL1101,美国文学史,硕士课,否,48,3.0,外国语学院,刘秦明,,
X23FL1102,高级写作,博硕课,否,32,2.0,外国语学院,Dana,,
X23FL1103,当代西方文学理论,硕士课,否,48,3.0,外国语学院,姜宁,,
X23FL1104,语言学通论,博硕课,否,32,2.0,外国语学院,牛亚军,,
X23FL1200,英美妇女文学研究,博硕课,否,32,2.0,外国语学院,高瑜,,
X23FL1201,语用学,博硕课,否,32,2.0,外国语学院,黄晓英,,
X23FL1202,英美诗歌赏析,博硕课,否,32,2.0,外国语学院,张缨,,
X23FL1203,英国文学选读,硕士课,否,32,2.0,外国语学院,徐艳萍,,
X23FL1204,美国文学选读,博硕课,否,32,2.0,外国语学院,潘薇,,
X23FL1205,中西诗学比较,硕士课,否,32,2.0,外国语学院,刘秦明,,
X23FL1206,英美戏剧选读,博硕课,否,32,2.0,外国语学院,杨纳让,,
X23FL1207,英语语言史,博硕课,否,32,2.0,外国语学院,牛亚军,,
X23FL1208,英国小说发展史,硕士课,否,32,2.0,外国语学院,,,
X23FL1209,西方文化,硕士课,否,32,2.0,外国语学院,白素,,
X23FL1210,文体学,博硕课,否,32,2.0,外国语学院,牛亚军,,
X23FL1211,翻译理论与技巧,硕士课,否,48,2.0,外国语学院,杨纳让,,
X23FL1212,文学原理,硕士课,否,32,2.0,外国语学院,,,

X23FL1213,第二语言研究方法与学术论文写作,博硕课,否,32,2.0,外国语学院,,,
X23FL1214,英美妇女文学选读,博硕课,否,32,2.0,外国语学院,,,
X23FL1215,英美浪漫主义诗歌研究,博硕课,否,32,2.0,外国语学院,,,
X23FL1216,十九世纪英国小说研究,博硕课,否,32,2.0,外国语学院,,,
X23FL1217,二十世纪美国小说研究,博硕课,否,32,2.0,外国语学院,,,
X23LS1001,肿瘤生物学,硕士课,否,48,3.0,生命科学技术学院,王福,,
X23LS1002,脑神经科学,硕士课,否,48,3.0,生命科学技术学院,任俊婵,,
X23LS1003,模式识别,硕士课,否,48,3.0,生命科学技术学院,,,
X23LS1004,肿瘤生物治疗,硕士课,否,48,3.0,生命科学技术学院,王忠良,,
X23LS1005,保密与安全概论（双语）,硕士课,否,48,3.0,生命科学技术学院,石莎,,
X23LS1006,生物学导论,硕士课,否,48,3.0,生命科学技术学院,陈丹,,
X23LS1007,人体解剖学,硕士课,否,48,3.0,生命科学技术学院,杨雪娟,,
X23LS1100,信息安全工程,硕士课,否,48,3.0,生命科学技术学院,庞辽军,,
X23LS1101,医学成像技术专题,硕士课,否,48,3.0,生命科学技术学院,黄力宇,,
X23LS1102,医学影像处理与分析,硕士课,否,48,3.0,生命科学技术学院,袁凯,,
X23LS1103,生物药物分析,硕士课,否,32,2.0,生命科学技术学院,,,
X23LS1104,微纳米生物材料,硕士课,否,32,2.0,生命科学技术学院,胡波,,
X23LS1105,分子免疫学,硕士课,否,48,3.0,生命科学技术学院,宁蓬勃,,
X23LS1200,数字图像处理,硕士课,否,32,2.0,生命科学技术学院,,,
X23LS1201,分子影像与生物医学光子学,硕士课,否,32,2.0,生命科学技术学院,曹旭,,

X23LS1202,神经科学数学基础,硕士课,否,32,2.0,生命科学技术学院,孙金铂,,
X23LS1203,脑与认知神经科学,硕士课,否,32,2.0,生命科学技术学院,袁凯,,
X23LS1900,神经电生理实验,硕士课,否,32,2.0,生命科学技术学院,孙金铂,,
X23LS1901,分子影像探针实验,硕士课,否,32,2.0,生命科学技术学院,张象涵,,
X23LS1902,分子影像实验,硕士课,否,32,2.0,生命科学技术学院,朱守平,,
X23LS1903,行为脑科学实验,硕士课,否,32,2.0,生命科学技术学院,杨雪娟,,
X24CS1121,软件体系结构,硕士课,否,48,3.0,计算机学院,李青山，蔺一帅,,
X24CS1122,语义计算,硕士课,否,48,3.0,计算机学院,宋胜利,,
X24CS1128,高级操作系统,硕士课,否,48,3.0,计算机学院,柴慧敏,,
X24CS1130,软件测试技术,硕士课,否,48,3.0,计算机学院,刘西洋,,
X24CS1131,高级编译技术,硕士课,否,48,3.0,计算机学院,张立勇,,
X24CS1132,面向对象技术,硕士课,否,48,3.0,计算机学院,陈平，褚华,,
X24CS1217,Linux内核分析,硕士课,否,40,2.0,计算机学院,李龙海,,
X24ME1207,计算机软件技术,硕士课,否,40,2.0,机电工程学院,李凯,,
X24ME1218,工程数据库系统,硕士课,否,40,2.0,机电工程学院,朱敏波,,
X25TE0002,基础代数,博士课,否,48,3.0,通信工程学院,谢敏,,
X25TE0003,数论,博士课,否,48,3.0,通信工程学院,王保仓,,
X25TE0004,计算复杂性理论,博士课,否,48,3.0,通信工程学院,陈原,,
X25TE0100,量子通信,博士课,否,48,3.0,通信工程学院,朱畅华,,
X25TE0104,现代密码学,博士课,否,48,3.0,通信工程学院,胡予濮,,

X25TE0208,流密码及其应用,博士课,否,32,2.0,通信工程学院,胡予濮,,
X25TE0210,密码理论专题讨论,博士课,否,32,2.0,通信工程学院,张卫国,,
X25TE0215,数据链技术与系统,博士课,否,32,2.0,通信工程学院,相征,,
X25TE0221,现代公钥密码与应用,博士课,否,32,2.0,通信工程学院,傅晓彤,,
X25TE0900,密码学实验,博士课,否,32,2.0,通信工程学院,朱辉,,
X25TE1001,数论,硕士课,否,48,3.0,通信工程学院,王保仓,,
X25TE1002,计算复杂性理论,硕士课,否,48,3.0,通信工程学院,陈原,,
X25TE1003,基础代数,硕士课,否,48,3.0,通信工程学院,谢敏,,
X25TE1100,现代密码学,硕士课,否,48,3.0,通信工程学院,胡予濮,,
X25TE1101,量子通信,硕士课,否,48,3.0,通信工程学院,朱畅华,,
X25TE1102,可证明安全理论,硕士课,否,48,3.0,通信工程学院,陈原,,
X25TE1103,嵌入式计算机系统设计,硕士课,否,48,3.0,通信工程学院,,,
X25TE1104,网络安全,硕士课,否,48,3.0,通信工程学院,,,
X25TE1105,计算机网络,硕士课,否,48,3.0,通信工程学院,,,
X25TE1203,数据链技术与系统,硕士课,否,32,2.0,通信工程学院,相征,,
X25TE1208,密码理论专题讨论,硕士课,否,32,2.0,通信工程学院,张卫国,,
X25TE1209,现代公钥密码与应用,硕士课,否,32,2.0,通信工程学院,傅晓彤,,
